    unsorted:	 0.004951669520 0.004449137647 0.008427983757 0.06010082213 0.4523517858 1.477109149 3.121918532 11.70545492 21.35882858 29.89178759 66.27826899 73.83149634 82.88174115 98.76648356 166.6654101 193.8528269 262.5413033 306.3650154 359.8072958 479.5269428 544.5961821 628.4892630 662.4550539 702.9489709 875.9081262 1119.261966 1213.512004 1560.328005 2344.151551 3226.743138 3542.333263 3854.427083 5453.592858 6467.068430 9074.325701 12889.64361 15474.86509 46185.95822 124770.9636
      sorted:	 0.004449137647 0.004951669520 0.008427983757 0.06010082213 0.4523517858 1.477109149 3.121918532 11.70545492 21.35882858 29.89178759 66.27826899 73.83149634 82.88174115 98.76648356 166.6654101 193.8528269 262.5413033 306.3650154 359.8072958 479.5269428 544.5961821 628.4892630 662.4550539 702.9489709 875.9081262 1119.261966 1213.512004 1560.328005 2344.151551 3226.743138 3542.333263 3854.427083 5453.592858 6467.068430 9074.325701 12889.64361 15474.86509 46185.95822 124770.9636
