    unsorted:	 10.01248150 7.833474132 16.73073281 0.1823233723 26.97048532 72.40066553 88.51067102 159.8521255 197.5927646 275.0223989 302.4790441 412.6074911 521.1143143 583.3103200 814.9238899 917.1216512 1298.586543 1646.478175 2251.442922 2625.920733 2961.612223 3389.346796 3823.583675 4865.219446 9839.431484 25720.11089 114264.5043
      sorted:	 0.1823233723 7.833474132 10.01248150 16.73073281 26.97048532 72.40066553 88.51067102 159.8521255 197.5927646 275.0223989 302.4790441 412.6074911 521.1143143 583.3103200 814.9238899 917.1216512 1298.586543 1646.478175 2251.442922 2625.920733 2961.612223 3389.346796 3823.583675 4865.219446 9839.431484 25720.11089 114264.5043
