    unsorted:	 0.005695212612 0.005403209856 0.04534326005 0.04316134926 0.0008880632560 0.05725273065 0.7114636759 3.073182746 21.68892646 25.25878039 25.89582780 13.58419953 53.01017323 59.21951893 70.59674218 109.5802622 143.5356957 215.9860738 279.7473669 328.0311914 343.7595393 399.8680352 504.9000261 569.5753263 796.6444397 821.5546660 1097.187879 1202.791308 1298.543846 2034.556151 2597.821221 3656.487198 3780.838487 4326.279393 7397.106762 9857.932486 10970.14839 19082.90022 32633.37655 245463.7061
      sorted:	 0.0008880632560 0.005403209856 0.005695212612 0.04316134926 0.04534326005 0.05725273065 0.7114636759 3.073182746 13.58419953 21.68892646 25.25878039 25.89582780 53.01017323 59.21951893 70.59674218 109.5802622 143.5356957 215.9860738 279.7473669 328.0311914 343.7595393 399.8680352 504.9000261 569.5753263 796.6444397 821.5546660 1097.187879 1202.791308 1298.543846 2034.556151 2597.821221 3656.487198 3780.838487 4326.279393 7397.106762 9857.932486 10970.14839 19082.90022 32633.37655 245463.7061
