    unsorted:	 88.82644002 88.82644002 88.82644002 88.82644002 88.82644002 88.82644002 88.82644002 88.82644002 88.82644002 88.82644002 88.82644002 88.82644002 71.81323656 71.88212772 71.56600763 71.44670479 72.49414662 70.83568897 70.71299726 73.27912980 73.87298311 74.45828458 75.36591537 76.29410276 77.18016385 78.02906013 78.85712496 79.65946265 80.41022049 81.10554057 81.73922135 82.31432173 69.57588671 82.84071072 83.32764099 83.78523728 84.88312202 67.34335995 89.37122951 64.66149954 90.95012802 91.51652298 62.02414594 60.87020378 59.07508443 58.16877652 57.01292480 95.50603520 52.24035066 102.8240956 108.8756816 110.0367315 118.8137543 120.9230569 125.1972563 38.20555153 134.1824984 142.9463716 13.95763446 14.18359738 5.546786977 173.5401529 190.0478653 194.3300189 201.0748860 221.3299163 219.6556333 228.2368667 238.4074535 257.8156453 261.1593497 275.1574222 284.8227774 292.8099293 295.2884810 301.7218318 338.6785793 348.2797714 357.8413751 377.9491931 400.8633456 401.3775653 403.8535055 446.4902877 456.9833536 458.5041473 467.8339149 477.9285008 487.8861034 523.2058046 545.7523141 572.1372353 584.8530930 628.2313343 642.2368920 688.5528961 711.7534286 725.9391963 765.6592786 774.9501660 854.8652564 903.9668202 948.6284760 1015.453737 1042.644531 1072.296001 1102.247644 1175.061797 1221.293274 1261.259221 1351.611420 1372.162621 1388.364733 1655.721878 1685.316180 1772.419387 1840.058372 1939.793321 2015.821069 2096.024454 2168.799242 2566.311530 2633.447470 2736.021279 2963.810882 3123.139854 3156.513661 3449.909426 3718.111650 3863.323550 4063.045675 4304.923448 4473.176110 4606.613167 5209.908380 6803.588359 9012.854805 11026.73768 12841.01694 14058.00962 15468.86431 23689.64615 30140.12736 138975.2895
      sorted:	 5.546786977 13.95763446 14.18359738 38.20555153 52.24035066 57.01292480 58.16877652 59.07508443 60.87020378 62.02414594 64.66149954 67.34335995 69.57588671 70.71299726 70.83568897 71.44670479 71.56600763 71.81323656 71.88212772 72.49414662 73.27912980 73.87298311 74.45828458 75.36591537 76.29410276 77.18016385 78.02906013 78.85712496 79.65946265 80.41022049 81.10554057 81.73922135 82.31432173 82.84071072 83.32764099 83.78523728 84.88312202 88.82644002 88.82644002 88.82644002 88.82644002 88.82644002 88.82644002 88.82644002 88.82644002 88.82644002 88.82644002 88.82644002 88.82644002 89.37122951 90.95012802 91.51652298 95.50603520 102.8240956 108.8756816 110.0367315 118.8137543 120.9230569 125.1972563 134.1824984 142.9463716 173.5401529 190.0478653 194.3300189 201.0748860 219.6556333 221.3299163 228.2368667 238.4074535 257.8156453 261.1593497 275.1574222 284.8227774 292.8099293 295.2884810 301.7218318 338.6785793 348.2797714 357.8413751 377.9491931 400.8633456 401.3775653 403.8535055 446.4902877 456.9833536 458.5041473 467.8339149 477.9285008 487.8861034 523.2058046 545.7523141 572.1372353 584.8530930 628.2313343 642.2368920 688.5528961 711.7534286 725.9391963 765.6592786 774.9501660 854.8652564 903.9668202 948.6284760 1015.453737 1042.644531 1072.296001 1102.247644 1175.061797 1221.293274 1261.259221 1351.611420 1372.162621 1388.364733 1655.721878 1685.316180 1772.419387 1840.058372 1939.793321 2015.821069 2096.024454 2168.799242 2566.311530 2633.447470 2736.021279 2963.810882 3123.139854 3156.513661 3449.909426 3718.111650 3863.323550 4063.045675 4304.923448 4473.176110 4606.613167 5209.908380 6803.588359 9012.854805 11026.73768 12841.01694 14058.00962 15468.86431 23689.64615 30140.12736 138975.2895
