    unsorted:	 88.82644002 88.82644002 88.82644002 88.82644002 88.82644002 88.82644002 88.82644002 88.82644002 88.82644002 88.82644002 88.82644002 88.82644002 81.22747255 80.58765929 79.88133524 81.81464782 79.09176055 82.35348589 78.21633860 77.25318250 82.84785245 76.22776642 75.14973176 73.97124414 72.67638659 71.30395609 70.76246040 69.93409488 69.50201652 68.63398195 68.31783748 67.36319740 66.45009402 66.04123169 65.69724996 84.18685968 63.75125948 63.01991783 61.73506029 87.57102407 58.35353590 56.06487414 93.55858168 52.71819438 98.06450479 48.98082556 104.4984178 106.7392247 107.6375287 112.4027476 42.42389988 39.12035131 39.43569091 121.0458079 126.4303390 130.9557533 28.79529944 138.1984093 151.1593004 13.71186548 172.1056889 196.4218466 189.8485851 202.2649435 203.6669141 232.5234049 238.1395877 256.2828676 292.3203521 278.0481843 287.0675278 298.9658966 299.6132744 315.1794586 338.3711941 341.2795911 372.4986796 392.6786062 390.8476704 385.2008186 398.7482292 406.8672362 431.2243414 443.1750185 449.3784911 460.5146336 467.7183413 506.3771237 525.1092957 537.2166266 543.8127212 559.1048751 584.9373680 592.1780110 675.0547843 692.9118383 715.6450710 734.7420848 777.9130969 875.2730584 872.1910534 954.4192718 976.7413423 1004.204283 1063.770199 1084.164837 1119.097997 1135.579404 1214.529523 1243.591862 1345.453603 1482.108210 1550.096137 1664.114110 1870.872592 1918.428709 2069.963073 2228.921761 2529.177090 2626.034109 2758.920060 2868.905779 3060.076723 3260.339420 3285.686981 3380.961188 3565.607986 3631.828093 3795.285598 3855.577109 4022.727669 4120.099887 4956.313941 5350.677720 5983.786543 6604.561697 8242.059934 9862.949347 11235.81172 12815.82579 13889.76056 15753.27435 16611.24419 22845.38958 29754.88761 48929.12956
      sorted:	 13.71186548 28.79529944 39.12035131 39.43569091 42.42389988 48.98082556 52.71819438 56.06487414 58.35353590 61.73506029 63.01991783 63.75125948 65.69724996 66.04123169 66.45009402 67.36319740 68.31783748 68.63398195 69.50201652 69.93409488 70.76246040 71.30395609 72.67638659 73.97124414 75.14973176 76.22776642 77.25318250 78.21633860 79.09176055 79.88133524 80.58765929 81.22747255 81.81464782 82.35348589 82.84785245 84.18685968 87.57102407 88.82644002 88.82644002 88.82644002 88.82644002 88.82644002 88.82644002 88.82644002 88.82644002 88.82644002 88.82644002 88.82644002 88.82644002 93.55858168 98.06450479 104.4984178 106.7392247 107.6375287 112.4027476 121.0458079 126.4303390 130.9557533 138.1984093 151.1593004 172.1056889 189.8485851 196.4218466 202.2649435 203.6669141 232.5234049 238.1395877 256.2828676 278.0481843 287.0675278 292.3203521 298.9658966 299.6132744 315.1794586 338.3711941 341.2795911 372.4986796 385.2008186 390.8476704 392.6786062 398.7482292 406.8672362 431.2243414 443.1750185 449.3784911 460.5146336 467.7183413 506.3771237 525.1092957 537.2166266 543.8127212 559.1048751 584.9373680 592.1780110 675.0547843 692.9118383 715.6450710 734.7420848 777.9130969 872.1910534 875.2730584 954.4192718 976.7413423 1004.204283 1063.770199 1084.164837 1119.097997 1135.579404 1214.529523 1243.591862 1345.453603 1482.108210 1550.096137 1664.114110 1870.872592 1918.428709 2069.963073 2228.921761 2529.177090 2626.034109 2758.920060 2868.905779 3060.076723 3260.339420 3285.686981 3380.961188 3565.607986 3631.828093 3795.285598 3855.577109 4022.727669 4120.099887 4956.313941 5350.677720 5983.786543 6604.561697 8242.059934 9862.949347 11235.81172 12815.82579 13889.76056 15753.27435 16611.24419 22845.38958 29754.88761 48929.12956
