    unsorted:	 88.82644002 88.82644002 88.82644002 88.82644002 88.82644002 88.82644002 88.82644002 88.82644002 88.82644002 88.82644002 88.82644002 88.82644002 81.80717030 82.19017300 81.38482526 82.89043166 83.50864202 80.45827704 84.06451147 84.58252703 79.39861433 78.23079628 77.08552501 76.24740231 85.61175449 75.02464440 73.42471366 71.61776351 87.45129676 70.67182262 69.66615497 67.67436281 65.75447439 64.89191462 63.82033702 61.92614950 61.57048383 60.35172422 59.52606455 59.35453059 59.20173679 58.00324750 56.55031064 91.76474276 52.93227966 51.23763030 98.33818265 101.7507038 101.0278088 103.3482296 45.69900965 46.56900748 114.5322430 118.3970392 35.72605416 127.1690155 21.73318825 136.0452575 13.58462677 10.01503183 5.358470943 165.7462315 169.3704089 189.7851397 191.8833229 214.7590126 217.9022940 243.0913526 238.4957449 258.0023549 260.8700336 277.9819261 276.9287448 290.9490722 311.2386825 327.6009341 335.8353767 341.9501109 353.4213553 382.4737904 392.6654367 398.1197852 404.9122977 423.8296368 449.2978469 466.9763557 480.1414829 481.0854399 522.3783575 540.9784316 587.7909662 590.5197623 615.2388891 706.4857919 740.2520604 752.7638379 767.4361183 782.6849919 880.8464524 907.8921205 941.5306660 968.7035339 996.5919676 1077.828729 1087.119830 1138.074745 1149.823774 1251.392466 1305.466600 1348.777132 1409.541507 1491.638041 1688.555251 1749.652136 1798.351110 1850.483637 1926.358777 1997.092857 2065.893385 2142.075883 2288.106779 2599.688894 2794.817661 2973.170658 3111.921314 3207.688850 3488.527453 3653.436193 3740.880415 3948.380840 4078.723385 4167.561267 4766.251454 4957.453291 5864.788831 7994.924985 8516.045351 9221.592645 11515.19625 12058.83968 14400.80645 22293.90874 28958.91563 90221.67272
      sorted:	 5.358470943 10.01503183 13.58462677 21.73318825 35.72605416 45.69900965 46.56900748 51.23763030 52.93227966 56.55031064 58.00324750 59.20173679 59.35453059 59.52606455 60.35172422 61.57048383 61.92614950 63.82033702 64.89191462 65.75447439 67.67436281 69.66615497 70.67182262 71.61776351 73.42471366 75.02464440 76.24740231 77.08552501 78.23079628 79.39861433 80.45827704 81.38482526 81.80717030 82.19017300 82.89043166 83.50864202 84.06451147 84.58252703 85.61175449 87.45129676 88.82644002 88.82644002 88.82644002 88.82644002 88.82644002 88.82644002 88.82644002 88.82644002 88.82644002 88.82644002 88.82644002 88.82644002 91.76474276 98.33818265 101.0278088 101.7507038 103.3482296 114.5322430 118.3970392 127.1690155 136.0452575 165.7462315 169.3704089 189.7851397 191.8833229 214.7590126 217.9022940 238.4957449 243.0913526 258.0023549 260.8700336 276.9287448 277.9819261 290.9490722 311.2386825 327.6009341 335.8353767 341.9501109 353.4213553 382.4737904 392.6654367 398.1197852 404.9122977 423.8296368 449.2978469 466.9763557 480.1414829 481.0854399 522.3783575 540.9784316 587.7909662 590.5197623 615.2388891 706.4857919 740.2520604 752.7638379 767.4361183 782.6849919 880.8464524 907.8921205 941.5306660 968.7035339 996.5919676 1077.828729 1087.119830 1138.074745 1149.823774 1251.392466 1305.466600 1348.777132 1409.541507 1491.638041 1688.555251 1749.652136 1798.351110 1850.483637 1926.358777 1997.092857 2065.893385 2142.075883 2288.106779 2599.688894 2794.817661 2973.170658 3111.921314 3207.688850 3488.527453 3653.436193 3740.880415 3948.380840 4078.723385 4167.561267 4766.251454 4957.453291 5864.788831 7994.924985 8516.045351 9221.592645 11515.19625 12058.83968 14400.80645 22293.90874 28958.91563 90221.67272
