    unsorted:	 57.86539305 60.13750751 54.99797991 54.20926891 66.93834513 71.70446637 75.62434667 77.39211603 82.64691720 25.76946091 8.655472874 14.40144895 158.9786855 231.6561199 263.8694847 322.2536942 381.6265478 419.6157527 476.4878761 523.7567384 539.7448527 734.9066660 783.0387932 810.3113126 880.1556442 1500.571648 1746.029365 1943.336067 2133.032394 2154.160247 2749.199064 3294.077287 3373.269980 3970.669682 4086.454358 5551.446974 6798.210590 8177.896576 12247.46140 14638.74657 15419.47565 15554.59058 26705.08848 40238.35810 80135.75076
      sorted:	 8.655472874 14.40144895 25.76946091 54.20926891 54.99797991 57.86539305 60.13750751 66.93834513 71.70446637 75.62434667 77.39211603 82.64691720 158.9786855 231.6561199 263.8694847 322.2536942 381.6265478 419.6157527 476.4878761 523.7567384 539.7448527 734.9066660 783.0387932 810.3113126 880.1556442 1500.571648 1746.029365 1943.336067 2133.032394 2154.160247 2749.199064 3294.077287 3373.269980 3970.669682 4086.454358 5551.446974 6798.210590 8177.896576 12247.46140 14638.74657 15419.47565 15554.59058 26705.08848 40238.35810 80135.75076
