    unsorted:	 88.82644002 88.82644002 88.82644002 88.82644002 88.82644002 88.82644002 88.82644002 88.82644002 88.82644002 88.82644002 88.82644002 88.82644002 73.62067509 73.25473178 73.35690915 73.11715510 73.01345364 73.82320910 74.48950072 72.43242957 75.31769452 76.19196703 77.04183381 77.83942314 78.59440158 79.31031847 79.98106242 80.56212095 81.04775666 81.54642804 82.07411071 82.58431005 83.06337537 83.51170187 83.93491028 70.61932846 70.14375911 85.13771933 68.97817010 90.10234857 64.95025622 63.64949377 62.76576817 91.86434329 58.67955807 58.78045022 95.21643196 56.31692519 101.1552240 102.7645217 51.08683364 109.1500262 110.5404417 121.2692801 125.0828035 37.84439819 131.8066717 142.6385041 14.32611574 13.94448678 0.02607856764 0.02746575029 6.680367085 172.2222587 183.7815906 193.6320192 196.4309203 207.0301024 220.7794690 223.6293588 231.8734205 259.3394979 251.1607829 261.0183854 282.4181876 287.2644357 293.1544426 292.5796984 303.3127550 337.0240564 348.5901931 353.7782048 376.3773140 392.9709787 400.9898099 406.0047909 425.9300343 448.7865069 455.2776880 464.0488345 470.9655577 484.5833790 518.7964920 528.8002966 572.4696921 584.8724589 613.9132390 683.1301041 696.4889311 714.9852333 720.2521687 769.3453489 813.3081495 853.6477973 919.1383701 956.3512112 1020.203252 1039.842440 1076.248888 1105.029250 1177.386183 1223.210551 1256.145736 1319.741530 1364.954189 1390.102319 1659.201390 1677.168953 1725.017635 1830.010664 1937.287622 2016.999064 2101.916201 2171.782654 2565.051158 2636.534473 2737.077610 2939.999804 3127.603120 3156.827509 3458.190723 3713.134697 3871.531103 4071.454748 4314.455875 4484.975915 4605.618547 5182.633657 6725.296269 8906.215046 10463.35629 12328.25446 13779.34169 14004.31336 14667.90923 15561.65507 25519.63360 149157.3894
      sorted:	 0.02607856764 0.02746575029 6.680367085 13.94448678 14.32611574 37.84439819 51.08683364 56.31692519 58.67955807 58.78045022 62.76576817 63.64949377 64.95025622 68.97817010 70.14375911 70.61932846 72.43242957 73.01345364 73.11715510 73.25473178 73.35690915 73.62067509 73.82320910 74.48950072 75.31769452 76.19196703 77.04183381 77.83942314 78.59440158 79.31031847 79.98106242 80.56212095 81.04775666 81.54642804 82.07411071 82.58431005 83.06337537 83.51170187 83.93491028 85.13771933 88.82644002 88.82644002 88.82644002 88.82644002 88.82644002 88.82644002 88.82644002 88.82644002 88.82644002 88.82644002 88.82644002 88.82644002 90.10234857 91.86434329 95.21643196 101.1552240 102.7645217 109.1500262 110.5404417 121.2692801 125.0828035 131.8066717 142.6385041 172.2222587 183.7815906 193.6320192 196.4309203 207.0301024 220.7794690 223.6293588 231.8734205 251.1607829 259.3394979 261.0183854 282.4181876 287.2644357 292.5796984 293.1544426 303.3127550 337.0240564 348.5901931 353.7782048 376.3773140 392.9709787 400.9898099 406.0047909 425.9300343 448.7865069 455.2776880 464.0488345 470.9655577 484.5833790 518.7964920 528.8002966 572.4696921 584.8724589 613.9132390 683.1301041 696.4889311 714.9852333 720.2521687 769.3453489 813.3081495 853.6477973 919.1383701 956.3512112 1020.203252 1039.842440 1076.248888 1105.029250 1177.386183 1223.210551 1256.145736 1319.741530 1364.954189 1390.102319 1659.201390 1677.168953 1725.017635 1830.010664 1937.287622 2016.999064 2101.916201 2171.782654 2565.051158 2636.534473 2737.077610 2939.999804 3127.603120 3156.827509 3458.190723 3713.134697 3871.531103 4071.454748 4314.455875 4484.975915 4605.618547 5182.633657 6725.296269 8906.215046 10463.35629 12328.25446 13779.34169 14004.31336 14667.90923 15561.65507 25519.63360 149157.3894
