    unsorted:	 88.82644002 88.82644002 88.82644002 88.82644002 88.82644002 88.82644002 88.82644002 88.82644002 88.82644002 88.82644002 88.82644002 88.82644002 71.51456907 72.67487614 72.09131885 73.25513959 73.86935203 75.01216307 70.41594412 68.99711944 69.44274869 68.76833567 68.58889918 68.50046272 68.26265339 76.07600651 77.06711666 78.02274616 78.93305226 79.76801834 80.52494438 81.20158864 81.81242666 82.37280507 82.89004838 83.37156252 66.66179851 84.62468036 88.01790470 88.42738997 62.36439606 92.13098970 95.14111258 58.65162791 55.51041276 52.07377837 48.93167922 105.4746454 106.9075179 109.6615585 119.7278788 37.04828708 126.7857310 132.2401216 23.82726303 22.63691858 144.7076850 151.4950665 14.29399018 10.44921501 2.765769640 180.1291435 193.1344640 196.0914762 200.2560501 222.6678465 226.4359863 235.4307999 246.8662569 271.3111286 276.4757954 281.1087984 300.5203989 301.3925660 310.9376482 325.6825560 344.9127904 360.7061049 371.1287202 379.2860493 383.6991383 399.8196669 406.4158904 413.6178780 420.9697848 457.8155014 477.5362927 479.5070013 484.8428570 496.8946333 512.0931804 528.3024525 551.4068762 595.4377011 598.8738379 628.9770665 663.7969986 691.3437597 720.5311934 781.6554357 777.6808861 879.5240004 902.5337688 961.6863278 1025.371929 1072.121321 1104.166425 1108.445498 1175.913772 1232.705954 1317.726821 1370.054559 1455.008121 1527.876400 1562.788425 1644.462077 1838.998844 1961.654064 2001.642404 2123.350748 2151.410004 2307.051816 2630.331583 2687.255145 2845.277760 3022.107960 3189.734656 3341.715600 3440.676627 3725.352369 3964.475328 4086.572598 4178.263502 4384.307973 4920.840829 5465.873035 6593.239396 8953.637433 10874.13381 11874.79449 13261.17737 14025.02094 14470.02173 23093.28644 29617.56750 92878.97357
      sorted:	 2.765769640 10.44921501 14.29399018 22.63691858 23.82726303 37.04828708 48.93167922 52.07377837 55.51041276 58.65162791 62.36439606 66.66179851 68.26265339 68.50046272 68.58889918 68.76833567 68.99711944 69.44274869 70.41594412 71.51456907 72.09131885 72.67487614 73.25513959 73.86935203 75.01216307 76.07600651 77.06711666 78.02274616 78.93305226 79.76801834 80.52494438 81.20158864 81.81242666 82.37280507 82.89004838 83.37156252 84.62468036 88.01790470 88.42738997 88.82644002 88.82644002 88.82644002 88.82644002 88.82644002 88.82644002 88.82644002 88.82644002 88.82644002 88.82644002 88.82644002 88.82644002 92.13098970 95.14111258 105.4746454 106.9075179 109.6615585 119.7278788 126.7857310 132.2401216 144.7076850 151.4950665 180.1291435 193.1344640 196.0914762 200.2560501 222.6678465 226.4359863 235.4307999 246.8662569 271.3111286 276.4757954 281.1087984 300.5203989 301.3925660 310.9376482 325.6825560 344.9127904 360.7061049 371.1287202 379.2860493 383.6991383 399.8196669 406.4158904 413.6178780 420.9697848 457.8155014 477.5362927 479.5070013 484.8428570 496.8946333 512.0931804 528.3024525 551.4068762 595.4377011 598.8738379 628.9770665 663.7969986 691.3437597 720.5311934 777.6808861 781.6554357 879.5240004 902.5337688 961.6863278 1025.371929 1072.121321 1104.166425 1108.445498 1175.913772 1232.705954 1317.726821 1370.054559 1455.008121 1527.876400 1562.788425 1644.462077 1838.998844 1961.654064 2001.642404 2123.350748 2151.410004 2307.051816 2630.331583 2687.255145 2845.277760 3022.107960 3189.734656 3341.715600 3440.676627 3725.352369 3964.475328 4086.572598 4178.263502 4384.307973 4920.840829 5465.873035 6593.239396 8953.637433 10874.13381 11874.79449 13261.17737 14025.02094 14470.02173 23093.28644 29617.56750 92878.97357
