    unsorted:	 39.47841822 39.47841822 39.47841822 39.47841822 39.47841822 39.47841822 39.47841822 39.47841822 39.47841822 39.47841822 39.47841822 39.47841822 97.04520407 98.31340214 93.58505116 90.52569912 104.8488172 113.3349996 116.5020042 79.64262675 77.33905493 75.26229172 71.99727901 69.75566466 124.7357826 128.0048867 134.2879976 139.3126036 142.0686398 60.56589816 58.07102219 52.68852303 52.15557104 150.5176350 157.0400495 160.6966894 166.4989481 182.9388433 184.1057787 179.0517088 191.1492099 194.6263125 197.8267563 40.42180179 36.41997638 32.39118388 209.2382259 26.41037265 24.93155797 227.4145244 9.612075104 246.2218361 251.6171740 276.6411316 298.0882298 305.8951779 317.5299604 334.0307767 363.5883959 397.8420962 409.2425620 441.0481891 448.2503715 450.5073622 471.3475535 481.2417713 497.2616771 509.9822410 518.2951411 535.6949291 545.6733623 572.5337192 602.8341313 594.4309357 606.9581130 637.9140496 644.2879677 664.4623475 668.6878308 724.8689115 765.6018351 890.7984046 947.5760641 1060.710358 1159.335609 1236.182144 1334.956533 1405.129822 1519.670006 1595.172300 1629.987830 1641.526268 1700.221290 1774.424899 1813.805941 2083.469530 2132.212252 2460.707386 3016.689476 3410.623187 3679.403550 3976.138329 4602.144407 4949.329675 5412.867450 5676.234688 9207.454506 11040.93963 12745.98144 13479.40760 14609.69637 23148.08646 30873.48147 74616.16651
      sorted:	 9.612075104 24.93155797 26.41037265 32.39118388 36.41997638 39.47841822 39.47841822 39.47841822 39.47841822 39.47841822 39.47841822 39.47841822 39.47841822 39.47841822 39.47841822 39.47841822 39.47841822 40.42180179 52.15557104 52.68852303 58.07102219 60.56589816 69.75566466 71.99727901 75.26229172 77.33905493 79.64262675 90.52569912 93.58505116 97.04520407 98.31340214 104.8488172 113.3349996 116.5020042 124.7357826 128.0048867 134.2879976 139.3126036 142.0686398 150.5176350 157.0400495 160.6966894 166.4989481 179.0517088 182.9388433 184.1057787 191.1492099 194.6263125 197.8267563 209.2382259 227.4145244 246.2218361 251.6171740 276.6411316 298.0882298 305.8951779 317.5299604 334.0307767 363.5883959 397.8420962 409.2425620 441.0481891 448.2503715 450.5073622 471.3475535 481.2417713 497.2616771 509.9822410 518.2951411 535.6949291 545.6733623 572.5337192 594.4309357 602.8341313 606.9581130 637.9140496 644.2879677 664.4623475 668.6878308 724.8689115 765.6018351 890.7984046 947.5760641 1060.710358 1159.335609 1236.182144 1334.956533 1405.129822 1519.670006 1595.172300 1629.987830 1641.526268 1700.221290 1774.424899 1813.805941 2083.469530 2132.212252 2460.707386 3016.689476 3410.623187 3679.403550 3976.138329 4602.144407 4949.329675 5412.867450 5676.234688 9207.454506 11040.93963 12745.98144 13479.40760 14609.69637 23148.08646 30873.48147 74616.16651
