    unsorted:	 61.68502800 61.68502800 61.68502800 61.68502800 61.68502800 61.68502800 61.68502800 61.68502800 61.68502800 61.68502800 61.68502800 61.68502800 54.73008347 54.37076683 55.44393465 56.15037566 53.70386657 56.79200288 57.37617426 57.88862709 58.08776462 58.51331087 52.71529280 51.55765991 50.22800379 49.64466618 48.70464400 46.98315261 45.11068183 43.21701030 41.37509727 39.59552983 38.94169976 38.31230391 37.97062880 36.46464648 36.38849783 36.82014376 34.65276427 33.47998333 32.15280984 30.49459644 68.04825959 69.09750248 70.52467344 25.90817678 75.39706665 76.98373262 78.94032755 81.18451235 22.59897452 85.80016733 90.67239948 92.43427122 96.25594553 10.86287028 9.936064636 116.0305011 0.2143841055 124.2068979 133.0438794 134.1955544 144.3228134 149.6723795 158.8488479 164.8789222 167.3031448 168.8570786 176.4511693 180.9416528 195.1623286 200.3264071 204.0701900 213.3623499 216.3745319 230.9940929 244.6081035 257.8056590 273.0311721 292.5750022 307.9163431 320.2232262 328.4386707 331.8512761 334.8560577 360.5670102 377.1196348 401.8946946 428.1332839 455.0407669 471.8530215 491.1751413 509.7031909 522.7403401 535.3675685 560.3349601 572.8852694 581.2905213 596.5640106 618.9374201 638.7913891 661.3965137 703.3809609 714.0017047 749.9329157 773.6016387 786.5091907 829.5723348 934.2309052 961.5759717 990.1848466 996.2850543 1160.526333 1147.517198 1354.082289 1388.349230 1470.164459 1539.457992 1574.593150 1668.504996 1770.338749 1802.410056 1861.306469 1964.776795 2016.042757 2400.447517 2420.136693 2494.061061 2707.282121 2847.651210 3242.341510 3493.933109 3833.892012 3945.840555 4364.121757 4887.106088 5533.057927 5873.006949 8466.515748 9199.481610 11122.68412 12916.71839 13583.74812 15630.85037 22960.69829 29955.91933 64176.16970
      sorted:	 0.2143841055 9.936064636 10.86287028 22.59897452 25.90817678 30.49459644 32.15280984 33.47998333 34.65276427 36.38849783 36.46464648 36.82014376 37.97062880 38.31230391 38.94169976 39.59552983 41.37509727 43.21701030 45.11068183 46.98315261 48.70464400 49.64466618 50.22800379 51.55765991 52.71529280 53.70386657 54.37076683 54.73008347 55.44393465 56.15037566 56.79200288 57.37617426 57.88862709 58.08776462 58.51331087 61.68502800 61.68502800 61.68502800 61.68502800 61.68502800 61.68502800 61.68502800 61.68502800 61.68502800 61.68502800 61.68502800 61.68502800 68.04825959 69.09750248 70.52467344 75.39706665 76.98373262 78.94032755 81.18451235 85.80016733 90.67239948 92.43427122 96.25594553 116.0305011 124.2068979 133.0438794 134.1955544 144.3228134 149.6723795 158.8488479 164.8789222 167.3031448 168.8570786 176.4511693 180.9416528 195.1623286 200.3264071 204.0701900 213.3623499 216.3745319 230.9940929 244.6081035 257.8056590 273.0311721 292.5750022 307.9163431 320.2232262 328.4386707 331.8512761 334.8560577 360.5670102 377.1196348 401.8946946 428.1332839 455.0407669 471.8530215 491.1751413 509.7031909 522.7403401 535.3675685 560.3349601 572.8852694 581.2905213 596.5640106 618.9374201 638.7913891 661.3965137 703.3809609 714.0017047 749.9329157 773.6016387 786.5091907 829.5723348 934.2309052 961.5759717 990.1848466 996.2850543 1147.517198 1160.526333 1354.082289 1388.349230 1470.164459 1539.457992 1574.593150 1668.504996 1770.338749 1802.410056 1861.306469 1964.776795 2016.042757 2400.447517 2420.136693 2494.061061 2707.282121 2847.651210 3242.341510 3493.933109 3833.892012 3945.840555 4364.121757 4887.106088 5533.057927 5873.006949 8466.515748 9199.481610 11122.68412 12916.71839 13583.74812 15630.85037 22960.69829 29955.91933 64176.16970
