    unsorted:	 61.68502800 61.68502800 61.68502800 61.68502800 61.68502800 61.68502800 61.68502800 61.68502800 61.68502800 61.68502800 61.68502800 61.68502800 55.69080404 55.25638084 54.93538160 56.32086815 56.89368026 54.33822930 53.92038460 57.42997663 52.98391221 51.86156078 58.17156913 50.59598390 49.17561056 49.26576399 59.36597021 47.61005613 45.96721005 44.38002059 62.07573211 42.82452033 39.13465300 39.08656153 38.91693593 39.92518477 40.01886030 41.28083062 37.33475608 65.26996516 69.38224182 69.93443518 70.54767080 34.35692523 33.45956198 33.32569946 72.57357900 29.28343403 28.67010645 78.36550552 79.93672174 82.17363310 87.34247369 92.05214726 96.05008431 97.49673180 10.00852531 116.1095562 124.6299929 132.7091974 134.3141242 139.7053935 147.1800168 151.5132926 166.5939581 165.2381185 175.1732298 180.6010455 183.6897686 194.2396999 197.0002805 203.0542894 206.2760628 214.5510134 229.1738297 241.0574458 256.0553400 270.6555180 288.3133450 300.8804592 313.8628389 327.6206087 330.4659572 332.9504993 360.2542213 380.8084723 405.5267642 442.4911213 468.7127072 476.5669852 494.0504178 504.6670074 530.1809744 544.8391306 579.6971080 590.5476448 602.7615031 623.3572374 629.1810618 666.6138597 684.5468458 712.7121311 743.7342886 755.2414391 780.0401571 785.4834109 806.6831787 853.3722371 942.0424303 965.4301060 989.2190490 999.3389979 1163.028579 1372.109213 1409.302543 1471.189237 1534.027137 1572.058704 1716.469004 1807.201936 1872.640889 1925.628548 1963.273049 2032.373764 2388.271165 2454.512370 2486.356172 2768.760181 2915.017202 3006.435905 3226.062827 3507.973528 3840.949998 4019.087130 4286.475871 4772.753843 5403.138604 5929.059316 8587.703365 9181.835517 11213.12518 12953.32926 13760.44354 15704.02273 23095.66160 29826.70751 69961.96597
      sorted:	 10.00852531 28.67010645 29.28343403 33.32569946 33.45956198 34.35692523 37.33475608 38.91693593 39.08656153 39.13465300 39.92518477 40.01886030 41.28083062 42.82452033 44.38002059 45.96721005 47.61005613 49.17561056 49.26576399 50.59598390 51.86156078 52.98391221 53.92038460 54.33822930 54.93538160 55.25638084 55.69080404 56.32086815 56.89368026 57.42997663 58.17156913 59.36597021 61.68502800 61.68502800 61.68502800 61.68502800 61.68502800 61.68502800 61.68502800 61.68502800 61.68502800 61.68502800 61.68502800 61.68502800 62.07573211 65.26996516 69.38224182 69.93443518 70.54767080 72.57357900 78.36550552 79.93672174 82.17363310 87.34247369 92.05214726 96.05008431 97.49673180 116.1095562 124.6299929 132.7091974 134.3141242 139.7053935 147.1800168 151.5132926 165.2381185 166.5939581 175.1732298 180.6010455 183.6897686 194.2396999 197.0002805 203.0542894 206.2760628 214.5510134 229.1738297 241.0574458 256.0553400 270.6555180 288.3133450 300.8804592 313.8628389 327.6206087 330.4659572 332.9504993 360.2542213 380.8084723 405.5267642 442.4911213 468.7127072 476.5669852 494.0504178 504.6670074 530.1809744 544.8391306 579.6971080 590.5476448 602.7615031 623.3572374 629.1810618 666.6138597 684.5468458 712.7121311 743.7342886 755.2414391 780.0401571 785.4834109 806.6831787 853.3722371 942.0424303 965.4301060 989.2190490 999.3389979 1163.028579 1372.109213 1409.302543 1471.189237 1534.027137 1572.058704 1716.469004 1807.201936 1872.640889 1925.628548 1963.273049 2032.373764 2388.271165 2454.512370 2486.356172 2768.760181 2915.017202 3006.435905 3226.062827 3507.973528 3840.949998 4019.087130 4286.475871 4772.753843 5403.138604 5929.059316 8587.703365 9181.835517 11213.12518 12953.32926 13760.44354 15704.02273 23095.66160 29826.70751 69961.96597
