    unsorted:	 88.82644002 88.82644002 88.82644002 88.82644002 88.82644002 88.82644002 88.82644002 88.82644002 88.82644002 88.82644002 88.82644002 88.82644002 78.90806181 79.71414049 80.43342676 81.08158345 81.67316213 78.01319174 82.21537311 77.02517999 82.72113708 75.97127135 74.85891031 73.63260077 72.27752044 83.69650474 70.83225035 69.36543176 69.06958215 69.99834983 68.01347436 67.88571573 66.66507670 66.26381505 65.67455473 65.17552831 64.68306968 62.51806685 86.94913932 59.63426620 58.05850879 56.80416544 56.19342669 93.82095097 97.28516787 104.5909405 104.1298088 106.6317096 46.77532521 111.3286736 118.7515220 118.1074586 39.04260168 38.13237017 35.96936637 130.1190620 134.1930927 136.8266949 15.97177121 14.35619216 151.6902582 160.0958655 0.5982938899 190.3450083 195.4213682 201.2672875 204.9405161 229.0505299 240.1906701 267.1025749 257.8944778 279.5004296 288.9793215 294.9799379 299.3267129 313.3272706 314.5986668 340.5288694 344.8977561 369.0063379 390.4313800 395.4219780 399.5300457 406.7364428 414.4165361 432.0687741 439.9248104 450.9310664 469.1561352 470.8016712 531.6381814 532.8440865 523.3141714 542.3134245 585.8613911 592.8431711 675.3260288 689.1158272 712.2916163 723.2375613 776.4551620 861.7069469 875.8870226 952.6155440 975.0834737 1009.772238 1071.123166 1085.462114 1153.740600 1168.775630 1213.696416 1251.645202 1348.192669 1473.808947 1578.480441 1627.010017 1873.197701 1927.486111 2012.238239 2097.122478 2196.259044 2256.240061 2486.214124 2583.322269 2692.328778 2813.261438 2989.974660 3194.437668 3304.079084 3396.456773 3604.471618 3677.557649 3825.755701 3908.406196 4111.078812 4178.268543 4934.349264 5315.766762 5919.447818 6547.360703 8416.058951 9721.858641 10667.79645 11244.05406 13293.88984 14849.58536 15462.16513 23135.39440 30037.06613 49429.58517
      sorted:	 0.5982938899 14.35619216 15.97177121 35.96936637 38.13237017 39.04260168 46.77532521 56.19342669 56.80416544 58.05850879 59.63426620 62.51806685 64.68306968 65.17552831 65.67455473 66.26381505 66.66507670 67.88571573 68.01347436 69.06958215 69.36543176 69.99834983 70.83225035 72.27752044 73.63260077 74.85891031 75.97127135 77.02517999 78.01319174 78.90806181 79.71414049 80.43342676 81.08158345 81.67316213 82.21537311 82.72113708 83.69650474 86.94913932 88.82644002 88.82644002 88.82644002 88.82644002 88.82644002 88.82644002 88.82644002 88.82644002 88.82644002 88.82644002 88.82644002 88.82644002 93.82095097 97.28516787 104.1298088 104.5909405 106.6317096 111.3286736 118.1074586 118.7515220 130.1190620 134.1930927 136.8266949 151.6902582 160.0958655 190.3450083 195.4213682 201.2672875 204.9405161 229.0505299 240.1906701 257.8944778 267.1025749 279.5004296 288.9793215 294.9799379 299.3267129 313.3272706 314.5986668 340.5288694 344.8977561 369.0063379 390.4313800 395.4219780 399.5300457 406.7364428 414.4165361 432.0687741 439.9248104 450.9310664 469.1561352 470.8016712 523.3141714 531.6381814 532.8440865 542.3134245 585.8613911 592.8431711 675.3260288 689.1158272 712.2916163 723.2375613 776.4551620 861.7069469 875.8870226 952.6155440 975.0834737 1009.772238 1071.123166 1085.462114 1153.740600 1168.775630 1213.696416 1251.645202 1348.192669 1473.808947 1578.480441 1627.010017 1873.197701 1927.486111 2012.238239 2097.122478 2196.259044 2256.240061 2486.214124 2583.322269 2692.328778 2813.261438 2989.974660 3194.437668 3304.079084 3396.456773 3604.471618 3677.557649 3825.755701 3908.406196 4111.078812 4178.268543 4934.349264 5315.766762 5919.447818 6547.360703 8416.058951 9721.858641 10667.79645 11244.05406 13293.88984 14849.58536 15462.16513 23135.39440 30037.06613 49429.58517
