    unsorted:	 88.82644002 88.82644002 88.82644002 88.82644002 88.82644002 88.82644002 88.82644002 88.82644002 88.82644002 88.82644002 88.82644002 88.82644002 82.16863628 82.91101913 81.33557685 83.57157862 80.39601806 84.15867183 79.33688620 78.19724658 77.15228645 76.08330793 74.60584199 74.39736499 72.86151460 70.98111714 86.32791624 69.05387709 67.05255696 68.17812230 64.82167125 62.45503458 62.58542967 61.22592922 61.52299463 59.98909468 59.04162101 58.58641649 57.89172544 57.28285045 88.30394606 90.42037425 54.03403614 52.54646362 51.71545910 101.8709229 102.9221170 103.3553101 99.98582264 104.6657779 44.19188774 110.3974802 112.8821892 39.69917537 120.6055956 125.4007108 26.27371892 21.51169054 138.4708966 140.8695496 11.52711824 0.009112553262 0.06028311294 1.187265049 172.9929825 175.9847653 178.9058736 194.2567966 201.2109804 210.7912804 217.7327624 236.9556623 240.9922612 244.2162286 262.6404792 265.6755999 278.8574352 299.4985982 311.7092458 337.2545828 347.2561543 353.4602005 366.1939194 389.9957443 406.9741822 425.2051796 440.3543455 468.4437039 474.0008871 488.6153550 492.8613114 521.4850400 566.0192152 575.7740565 583.8565937 596.6084475 711.0685976 736.3717284 773.2038474 775.2806678 854.5542671 902.5597072 929.5527448 963.2265145 971.9008770 1017.212784 1070.146436 1091.970053 1127.597706 1138.155870 1288.267833 1332.939210 1458.529481 1439.120443 1713.655083 1782.024694 1836.266655 1937.059719 2016.525387 2090.890980 2150.041793 2269.484857 2680.170900 2803.369276 2962.447415 3044.248690 3358.285041 3525.357776 3718.482657 3880.698123 3993.343972 4110.645717 4199.617096 4822.325788 4893.772546 5011.310142 6347.848006 7944.851164 8325.379117 8627.344205 10186.28457 13593.91304 25006.87680 81094.04582
      sorted:	 0.009112553262 0.06028311294 1.187265049 11.52711824 21.51169054 26.27371892 39.69917537 44.19188774 51.71545910 52.54646362 54.03403614 57.28285045 57.89172544 58.58641649 59.04162101 59.98909468 61.22592922 61.52299463 62.45503458 62.58542967 64.82167125 67.05255696 68.17812230 69.05387709 70.98111714 72.86151460 74.39736499 74.60584199 76.08330793 77.15228645 78.19724658 79.33688620 80.39601806 81.33557685 82.16863628 82.91101913 83.57157862 84.15867183 86.32791624 88.30394606 88.82644002 88.82644002 88.82644002 88.82644002 88.82644002 88.82644002 88.82644002 88.82644002 88.82644002 88.82644002 88.82644002 88.82644002 90.42037425 99.98582264 101.8709229 102.9221170 103.3553101 104.6657779 110.3974802 112.8821892 120.6055956 125.4007108 138.4708966 140.8695496 172.9929825 175.9847653 178.9058736 194.2567966 201.2109804 210.7912804 217.7327624 236.9556623 240.9922612 244.2162286 262.6404792 265.6755999 278.8574352 299.4985982 311.7092458 337.2545828 347.2561543 353.4602005 366.1939194 389.9957443 406.9741822 425.2051796 440.3543455 468.4437039 474.0008871 488.6153550 492.8613114 521.4850400 566.0192152 575.7740565 583.8565937 596.6084475 711.0685976 736.3717284 773.2038474 775.2806678 854.5542671 902.5597072 929.5527448 963.2265145 971.9008770 1017.212784 1070.146436 1091.970053 1127.597706 1138.155870 1288.267833 1332.939210 1439.120443 1458.529481 1713.655083 1782.024694 1836.266655 1937.059719 2016.525387 2090.890980 2150.041793 2269.484857 2680.170900 2803.369276 2962.447415 3044.248690 3358.285041 3525.357776 3718.482657 3880.698123 3993.343972 4110.645717 4199.617096 4822.325788 4893.772546 5011.310142 6347.848006 7944.851164 8325.379117 8627.344205 10186.28457 13593.91304 25006.87680 81094.04582
