    unsorted:	 88.82644002 88.82644002 88.82644002 88.82644002 88.82644002 88.82644002 88.82644002 88.82644002 88.82644002 88.82644002 88.82644002 88.82644002 79.74738135 78.94505030 80.46449745 78.05461401 81.11303816 81.70704004 77.07303656 82.25108452 76.02673696 82.75139192 74.92649719 74.27018837 73.69855197 72.36641381 70.95726208 70.73347817 69.50873963 68.44082272 68.09920492 66.83237954 65.86960957 65.44213894 65.09857181 64.48575503 83.96590386 63.08313870 62.08898516 61.70955845 87.32514898 57.42010737 57.99051294 93.86088018 98.31679843 49.48008174 47.35370873 104.3776693 106.1219621 109.1598697 43.28563017 112.3526787 112.9791774 38.91880712 36.35901644 120.5747392 131.6444530 132.9345604 24.45277053 145.1923001 13.55964847 7.450895552 8.771090677 4.029590459 0.007041236938 153.0696981 190.9482871 196.9406109 203.3339580 204.7732735 232.8717589 241.1586538 258.4613998 276.0647372 289.8582129 296.7891092 298.6911973 301.3500095 317.7272908 340.5510239 345.5621076 367.7811312 377.0539226 391.3905530 390.8035052 397.5796701 411.0703390 431.4766374 442.0781445 455.2609170 470.0157731 478.4946416 524.3465128 531.9407471 541.4450226 559.2938025 597.7443550 612.1516188 634.2369676 689.1394590 707.8671440 714.5848924 726.7762240 779.7459479 890.8973039 877.3054096 954.7496396 958.7731327 991.0184858 1010.158291 1060.009059 1084.637476 1116.088134 1152.178017 1214.247694 1252.995109 1371.174301 1515.612526 1589.202628 1695.730787 1907.799678 1962.652022 2003.507264 2130.322772 2240.606228 2550.708910 2671.759549 2819.588851 2854.632489 2937.182094 3204.256674 3268.623682 3326.059126 3404.211078 3490.309814 3608.704669 3721.595820 3875.167834 4020.465502 4132.768886 4210.114506 5387.988334 5981.457805 6630.872856 8358.309791 10986.33066 12134.16321 13006.71827 14372.69259 14921.39507 15094.94703 22361.52288 29762.98974 45455.49219
      sorted:	 0.007041236938 4.029590459 7.450895552 8.771090677 13.55964847 24.45277053 36.35901644 38.91880712 43.28563017 47.35370873 49.48008174 57.42010737 57.99051294 61.70955845 62.08898516 63.08313870 64.48575503 65.09857181 65.44213894 65.86960957 66.83237954 68.09920492 68.44082272 69.50873963 70.73347817 70.95726208 72.36641381 73.69855197 74.27018837 74.92649719 76.02673696 77.07303656 78.05461401 78.94505030 79.74738135 80.46449745 81.11303816 81.70704004 82.25108452 82.75139192 83.96590386 87.32514898 88.82644002 88.82644002 88.82644002 88.82644002 88.82644002 88.82644002 88.82644002 88.82644002 88.82644002 88.82644002 88.82644002 88.82644002 93.86088018 98.31679843 104.3776693 106.1219621 109.1598697 112.3526787 112.9791774 120.5747392 131.6444530 132.9345604 145.1923001 153.0696981 190.9482871 196.9406109 203.3339580 204.7732735 232.8717589 241.1586538 258.4613998 276.0647372 289.8582129 296.7891092 298.6911973 301.3500095 317.7272908 340.5510239 345.5621076 367.7811312 377.0539226 390.8035052 391.3905530 397.5796701 411.0703390 431.4766374 442.0781445 455.2609170 470.0157731 478.4946416 524.3465128 531.9407471 541.4450226 559.2938025 597.7443550 612.1516188 634.2369676 689.1394590 707.8671440 714.5848924 726.7762240 779.7459479 877.3054096 890.8973039 954.7496396 958.7731327 991.0184858 1010.158291 1060.009059 1084.637476 1116.088134 1152.178017 1214.247694 1252.995109 1371.174301 1515.612526 1589.202628 1695.730787 1907.799678 1962.652022 2003.507264 2130.322772 2240.606228 2550.708910 2671.759549 2819.588851 2854.632489 2937.182094 3204.256674 3268.623682 3326.059126 3404.211078 3490.309814 3608.704669 3721.595820 3875.167834 4020.465502 4132.768886 4210.114506 5387.988334 5981.457805 6630.872856 8358.309791 10986.33066 12134.16321 13006.71827 14372.69259 14921.39507 15094.94703 22361.52288 29762.98974 45455.49219
