    unsorted:	 61.68502800 61.68502800 61.68502800 61.68502800 61.68502800 61.68502800 61.68502800 61.68502800 61.68502800 61.68502800 61.68502800 61.68502800 55.69105990 55.25668841 54.93512060 56.32103620 56.89374625 54.33738357 53.92026201 57.42998531 52.98395979 51.86155678 58.17168206 50.59617965 49.17592499 49.26448847 59.36749385 47.61036821 45.96789458 62.07799592 44.38107814 42.82586699 39.13663209 39.08871847 38.91904201 39.92682013 40.02029457 41.28228990 37.33707656 65.27715516 69.38350720 69.93509872 70.54842038 34.35798812 33.46145922 33.29210579 72.57378513 29.28651373 28.67403484 78.36708371 79.94653634 82.17868568 87.34186684 92.05381809 96.04920249 97.49899185 10.00733182 116.1106161 124.6352411 132.7094521 134.3147439 139.7049616 147.1804048 151.5146680 166.5940584 165.2381654 175.1732921 180.6040960 183.6907785 194.2391670 197.0007188 203.0548568 206.2736753 214.5521950 229.1739346 241.0577322 256.0561420 270.6600501 288.3132326 300.8966094 313.8624583 327.6279953 330.4674585 332.9515836 360.2546220 380.8753353 405.5339590 442.5318497 468.7082704 476.5680553 494.0477760 504.6626624 530.1802610 544.8384072 579.6983702 590.5585853 602.7663088 623.3818606 629.2061962 666.6245613 684.5556814 712.7268547 743.7901261 755.2753667 780.0704972 785.4860337 806.7334645 853.3808572 942.0513719 965.4297032 989.2205856 999.3369392 1163.034100 1370.948343 1409.200004 1470.292681 1533.972266 1571.821537 1716.496584 1807.204891 1872.573875 1925.619341 1963.275553 2032.421269 2388.304835 2454.540681 2486.348628 2768.722410 2915.011950 3006.411404 3226.098981 3508.006549 3840.933578 4019.107982 4286.489769 4772.697875 5403.071657 5929.013406 8587.860652 9181.753862 11213.07786 12953.19104 13760.25584 15703.65664 23096.03921 29827.06314 69971.81551
      sorted:	 10.00733182 28.67403484 29.28651373 33.29210579 33.46145922 34.35798812 37.33707656 38.91904201 39.08871847 39.13663209 39.92682013 40.02029457 41.28228990 42.82586699 44.38107814 45.96789458 47.61036821 49.17592499 49.26448847 50.59617965 51.86155678 52.98395979 53.92026201 54.33738357 54.93512060 55.25668841 55.69105990 56.32103620 56.89374625 57.42998531 58.17168206 59.36749385 61.68502800 61.68502800 61.68502800 61.68502800 61.68502800 61.68502800 61.68502800 61.68502800 61.68502800 61.68502800 61.68502800 61.68502800 62.07799592 65.27715516 69.38350720 69.93509872 70.54842038 72.57378513 78.36708371 79.94653634 82.17868568 87.34186684 92.05381809 96.04920249 97.49899185 116.1106161 124.6352411 132.7094521 134.3147439 139.7049616 147.1804048 151.5146680 165.2381654 166.5940584 175.1732921 180.6040960 183.6907785 194.2391670 197.0007188 203.0548568 206.2736753 214.5521950 229.1739346 241.0577322 256.0561420 270.6600501 288.3132326 300.8966094 313.8624583 327.6279953 330.4674585 332.9515836 360.2546220 380.8753353 405.5339590 442.5318497 468.7082704 476.5680553 494.0477760 504.6626624 530.1802610 544.8384072 579.6983702 590.5585853 602.7663088 623.3818606 629.2061962 666.6245613 684.5556814 712.7268547 743.7901261 755.2753667 780.0704972 785.4860337 806.7334645 853.3808572 942.0513719 965.4297032 989.2205856 999.3369392 1163.034100 1370.948343 1409.200004 1470.292681 1533.972266 1571.821537 1716.496584 1807.204891 1872.573875 1925.619341 1963.275553 2032.421269 2388.304835 2454.540681 2486.348628 2768.722410 2915.011950 3006.411404 3226.098981 3508.006549 3840.933578 4019.107982 4286.489769 4772.697875 5403.071657 5929.013406 8587.860652 9181.753862 11213.07786 12953.19104 13760.25584 15703.65664 23096.03921 29827.06314 69971.81551
