    unsorted:	 0.005706083947 0.004617853827 0.04430825317 0.04247978332 0.001477964462 0.05728806679 0.7199173128 3.071841563 26.10959082 25.08808587 29.07060052 16.79563594 33.40443089 59.25952346 65.42885694 87.31773895 111.7407429 142.5280842 219.7628247 308.6155898 342.0796647 375.6768592 401.0305979 518.4824154 599.3645672 796.4925749 827.2049122 1017.418605 1102.472621 1209.533004 1315.752650 2062.152215 2645.920634 3641.462628 3755.290531 4376.894062 7705.690607 10112.16606 11202.12730 21099.51103 33094.89420 245525.8639
      sorted:	 0.001477964462 0.004617853827 0.005706083947 0.04247978332 0.04430825317 0.05728806679 0.7199173128 3.071841563 16.79563594 25.08808587 26.10959082 29.07060052 33.40443089 59.25952346 65.42885694 87.31773895 111.7407429 142.5280842 219.7628247 308.6155898 342.0796647 375.6768592 401.0305979 518.4824154 599.3645672 796.4925749 827.2049122 1017.418605 1102.472621 1209.533004 1315.752650 2062.152215 2645.920634 3641.462628 3755.290531 4376.894062 7705.690607 10112.16606 11202.12730 21099.51103 33094.89420 245525.8639
