    unsorted:	 88.82644002 88.82644002 88.82644002 88.82644002 88.82644002 88.82644002 88.82644002 88.82644002 88.82644002 88.82644002 88.82644002 88.82644002 73.21540322 73.47012198 73.38016339 73.09623853 73.79701016 74.15676931 74.75339327 72.30530623 72.12115863 75.57327652 71.75742406 76.44533925 77.29814753 78.10743031 78.88308028 79.63787077 80.36839567 81.05432170 81.69245072 82.27616048 82.80742500 83.29464985 83.74589684 84.17028829 85.20091494 68.43510307 88.49336980 65.81522442 62.88805247 92.15637725 60.19246836 59.20707968 57.67909143 95.35702540 96.59281972 54.68344042 103.4901817 48.16431042 110.2140020 111.4873631 122.3797857 122.9289794 126.7607341 36.84620349 134.3997079 144.6102984 21.89223858 14.11531329 12.68673687 175.0301374 192.0319746 194.7020546 200.8679524 3.804629883 222.5556844 221.9884070 230.1519709 239.0713799 260.5172343 264.9545630 295.4101226 296.5085022 288.3763378 309.7756155 316.6238042 341.9573825 351.3104510 359.2382547 385.4753589 401.8379605 407.0817526 410.1832327 464.1121774 467.3709960 461.7703479 473.3847737 480.3488443 524.6407643 559.2544473 566.8126598 595.3645124 615.9540148 652.9000135 704.4597374 736.5232624 740.1464553 756.5796373 779.9869642 871.1783491 904.4099565 916.5979568 948.1590518 1034.079115 1064.207185 1127.056314 1183.173780 1237.723894 1275.256590 1284.153107 1321.512230 1395.675601 1563.264123 1673.991716 1719.182268 1769.691238 1875.912911 1958.865075 2114.306713 2167.543551 2265.915900 2614.946728 2766.918860 2815.956916 3016.796080 3193.621368 3251.468203 3567.979517 3735.423392 3976.465852 4269.739010 4351.511086 4529.274769 4685.961247 5427.202187 6732.306424 8929.293011 11044.52767 12675.54623 13892.63721 15157.71915 23541.71354 29740.32451 142864.4003
      sorted:	 3.804629883 12.68673687 14.11531329 21.89223858 36.84620349 48.16431042 54.68344042 57.67909143 59.20707968 60.19246836 62.88805247 65.81522442 68.43510307 71.75742406 72.12115863 72.30530623 73.09623853 73.21540322 73.38016339 73.47012198 73.79701016 74.15676931 74.75339327 75.57327652 76.44533925 77.29814753 78.10743031 78.88308028 79.63787077 80.36839567 81.05432170 81.69245072 82.27616048 82.80742500 83.29464985 83.74589684 84.17028829 85.20091494 88.49336980 88.82644002 88.82644002 88.82644002 88.82644002 88.82644002 88.82644002 88.82644002 88.82644002 88.82644002 88.82644002 88.82644002 88.82644002 92.15637725 95.35702540 96.59281972 103.4901817 110.2140020 111.4873631 122.3797857 122.9289794 126.7607341 134.3997079 144.6102984 175.0301374 192.0319746 194.7020546 200.8679524 221.9884070 222.5556844 230.1519709 239.0713799 260.5172343 264.9545630 288.3763378 295.4101226 296.5085022 309.7756155 316.6238042 341.9573825 351.3104510 359.2382547 385.4753589 401.8379605 407.0817526 410.1832327 461.7703479 464.1121774 467.3709960 473.3847737 480.3488443 524.6407643 559.2544473 566.8126598 595.3645124 615.9540148 652.9000135 704.4597374 736.5232624 740.1464553 756.5796373 779.9869642 871.1783491 904.4099565 916.5979568 948.1590518 1034.079115 1064.207185 1127.056314 1183.173780 1237.723894 1275.256590 1284.153107 1321.512230 1395.675601 1563.264123 1673.991716 1719.182268 1769.691238 1875.912911 1958.865075 2114.306713 2167.543551 2265.915900 2614.946728 2766.918860 2815.956916 3016.796080 3193.621368 3251.468203 3567.979517 3735.423392 3976.465852 4269.739010 4351.511086 4529.274769 4685.961247 5427.202187 6732.306424 8929.293011 11044.52767 12675.54623 13892.63721 15157.71915 23541.71354 29740.32451 142864.4003
