    unsorted:	 88.82644002 88.82644002 88.82644002 88.82644002 88.82644002 88.82644002 88.82644002 88.82644002 88.82644002 88.82644002 88.82644002 88.82644002 72.33131774 72.42931917 73.20675082 74.35952999 75.10827304 75.96561667 71.45104534 76.93784521 78.07567552 79.13718143 80.09806463 80.72463978 81.00087934 81.80248056 69.96225623 82.66647197 68.69348369 66.75617177 65.12089718 64.62932517 63.43264311 61.67966966 60.33038659 59.28462182 58.58846737 58.32403667 88.74290106 54.08943253 91.71452531 52.67610249 94.97553769 46.31152578 43.99418314 42.65566842 105.4630584 110.0166891 39.26040572 114.2201056 27.75009463 22.63512031 128.1113672 134.5141777 14.78306497 140.7606776 0.006232882939 0.04631375473 5.445030306 163.5944240 169.2336269 188.0922567 191.6328608 209.3696927 226.2002633 232.1448493 241.6921954 256.5497619 279.6670007 284.8074511 299.7086309 293.2393081 303.2860348 306.4075748 320.5842210 321.8839330 334.6818972 338.5356306 348.0995757 373.3610022 386.2461750 397.7488144 427.9674563 442.3413362 464.6959998 474.9762316 511.6102920 562.5978682 595.7792521 602.0860205 628.0073005 663.0962117 719.9550291 754.8916297 811.4556081 847.2177770 873.8269229 927.1467406 950.8502008 988.8177409 1024.555850 1038.879361 1118.004860 1148.750022 1165.844267 1314.222074 1399.484805 1453.253848 1458.551270 1644.530894 1701.745512 1852.361562 1997.251068 2185.232859 2333.320517 2397.863695 2466.902480 2735.919016 2866.280892 3293.393227 3476.837010 3566.601573 3746.941363 3945.249559 4119.287464 4346.244488 5152.287298 5590.192843 6458.271139 7570.105984 8449.267248 9222.947578 11677.82045 12938.93451 14442.73759 15159.73091 28907.87482 33944.96798 54872.16417 130650.9383
      sorted:	 0.006232882939 0.04631375473 5.445030306 14.78306497 22.63512031 27.75009463 39.26040572 42.65566842 43.99418314 46.31152578 52.67610249 54.08943253 58.32403667 58.58846737 59.28462182 60.33038659 61.67966966 63.43264311 64.62932517 65.12089718 66.75617177 68.69348369 69.96225623 71.45104534 72.33131774 72.42931917 73.20675082 74.35952999 75.10827304 75.96561667 76.93784521 78.07567552 79.13718143 80.09806463 80.72463978 81.00087934 81.80248056 82.66647197 88.74290106 88.82644002 88.82644002 88.82644002 88.82644002 88.82644002 88.82644002 88.82644002 88.82644002 88.82644002 88.82644002 88.82644002 88.82644002 91.71452531 94.97553769 105.4630584 110.0166891 114.2201056 128.1113672 134.5141777 140.7606776 163.5944240 169.2336269 188.0922567 191.6328608 209.3696927 226.2002633 232.1448493 241.6921954 256.5497619 279.6670007 284.8074511 293.2393081 299.7086309 303.2860348 306.4075748 320.5842210 321.8839330 334.6818972 338.5356306 348.0995757 373.3610022 386.2461750 397.7488144 427.9674563 442.3413362 464.6959998 474.9762316 511.6102920 562.5978682 595.7792521 602.0860205 628.0073005 663.0962117 719.9550291 754.8916297 811.4556081 847.2177770 873.8269229 927.1467406 950.8502008 988.8177409 1024.555850 1038.879361 1118.004860 1148.750022 1165.844267 1314.222074 1399.484805 1453.253848 1458.551270 1644.530894 1701.745512 1852.361562 1997.251068 2185.232859 2333.320517 2397.863695 2466.902480 2735.919016 2866.280892 3293.393227 3476.837010 3566.601573 3746.941363 3945.249559 4119.287464 4346.244488 5152.287298 5590.192843 6458.271139 7570.105984 8449.267248 9222.947578 11677.82045 12938.93451 14442.73759 15159.73091 28907.87482 33944.96798 54872.16417 130650.9383
