    unsorted:	 39.47841822 39.47841822 39.47841822 39.47841822 39.47841822 39.47841822 39.47841822 39.47841822 39.47841822 39.47841822 39.47841822 39.47841822 91.94194032 92.22452024 96.69046797 98.70205093 86.70525067 105.2400831 107.2658297 110.8668324 114.2272712 77.78571239 79.65612508 74.92434837 71.56361290 70.59512360 122.6733623 124.9597601 130.1333514 132.8382788 135.5769426 137.3299174 60.32224240 58.98432826 54.46822337 51.97999076 145.1894491 153.3304557 156.9681241 40.00350606 41.00458400 32.94266623 167.1865576 176.8776519 27.17226872 25.25125229 184.8148791 192.4792165 207.7424790 210.2129615 217.4484687 225.5863072 9.681543046 247.1352906 263.8118305 309.5791242 322.1959719 341.7548538 346.2088888 366.3926960 402.3296950 396.8016592 427.3824020 450.9139979 455.8928910 469.1423247 476.9973130 485.8841178 497.7855611 512.4744951 531.7075367 547.0943016 571.5391121 584.6354698 594.3784040 618.8536720 639.1565803 649.2889350 660.8079294 705.9848131 753.5976142 902.9689248 935.5072408 1009.095240 1160.814344 1203.336171 1322.757859 1406.958002 1540.913182 1544.813087 1618.336652 1672.462276 1728.109079 1812.745928 1828.954566 2059.049695 2116.563509 2343.939427 3032.784126 3332.800511 3661.319260 3937.806235 4526.944677 4889.992398 5401.809035 5670.557895 9091.379910 11111.14482 12817.09247 13557.73165 15165.91504 22762.26764 29690.90380 76243.38175
      sorted:	 9.681543046 25.25125229 27.17226872 32.94266623 39.47841822 39.47841822 39.47841822 39.47841822 39.47841822 39.47841822 39.47841822 39.47841822 39.47841822 39.47841822 39.47841822 39.47841822 40.00350606 41.00458400 51.97999076 54.46822337 58.98432826 60.32224240 70.59512360 71.56361290 74.92434837 77.78571239 79.65612508 86.70525067 91.94194032 92.22452024 96.69046797 98.70205093 105.2400831 107.2658297 110.8668324 114.2272712 122.6733623 124.9597601 130.1333514 132.8382788 135.5769426 137.3299174 145.1894491 153.3304557 156.9681241 167.1865576 176.8776519 184.8148791 192.4792165 207.7424790 210.2129615 217.4484687 225.5863072 247.1352906 263.8118305 309.5791242 322.1959719 341.7548538 346.2088888 366.3926960 396.8016592 402.3296950 427.3824020 450.9139979 455.8928910 469.1423247 476.9973130 485.8841178 497.7855611 512.4744951 531.7075367 547.0943016 571.5391121 584.6354698 594.3784040 618.8536720 639.1565803 649.2889350 660.8079294 705.9848131 753.5976142 902.9689248 935.5072408 1009.095240 1160.814344 1203.336171 1322.757859 1406.958002 1540.913182 1544.813087 1618.336652 1672.462276 1728.109079 1812.745928 1828.954566 2059.049695 2116.563509 2343.939427 3032.784126 3332.800511 3661.319260 3937.806235 4526.944677 4889.992398 5401.809035 5670.557895 9091.379910 11111.14482 12817.09247 13557.73165 15165.91504 22762.26764 29690.90380 76243.38175
