    unsorted:	 0.004951386620 0.004338421306 0.008890385259 0.06038890831 0.4892315363 1.392861664 3.155566383 2.494898707 11.74909834 21.28113927 29.87934024 66.67034852 75.79296090 85.74940688 101.5202035 168.3190052 194.0738242 260.8262616 305.4037009 361.4279148 481.2462375 543.7902601 628.9507491 655.3130140 666.5208399 698.9376826 876.0914621 1117.541049 1216.146978 1549.192658 2340.519802 3237.913363 3551.435331 3830.425309 5453.047477 6473.397281 9061.680520 12871.19120 15482.42445 46153.71460 123364.8733
      sorted:	 0.004338421306 0.004951386620 0.008890385259 0.06038890831 0.4892315363 1.392861664 2.494898707 3.155566383 11.74909834 21.28113927 29.87934024 66.67034852 75.79296090 85.74940688 101.5202035 168.3190052 194.0738242 260.8262616 305.4037009 361.4279148 481.2462375 543.7902601 628.9507491 655.3130140 666.5208399 698.9376826 876.0914621 1117.541049 1216.146978 1549.192658 2340.519802 3237.913363 3551.435331 3830.425309 5453.047477 6473.397281 9061.680520 12871.19120 15482.42445 46153.71460 123364.8733
