    unsorted:	 88.82644002 88.82644002 88.82644002 88.82644002 88.82644002 88.82644002 88.82644002 88.82644002 88.82644002 88.82644002 88.82644002 88.82644002 83.32669987 84.01528041 82.55514552 84.63428708 81.68324513 85.28180633 85.56364938 80.68600688 79.55353332 78.32701805 77.06783956 75.96809967 75.43991739 74.03467244 73.48513017 71.84780410 69.55279121 89.75217501 66.93610449 66.54123818 64.06898694 92.56491261 61.20412787 58.47807341 58.23871450 56.15143410 55.85988016 53.73954058 53.02895962 52.57210696 52.16661123 94.45266630 49.39144077 98.00676081 47.02776678 46.42592758 100.1787237 104.2253898 40.84952574 110.7782495 37.93662282 114.6733476 119.4501920 33.42830278 30.66779911 135.3705535 140.2691765 21.07625680 151.3465002 168.8660676 0.08301621752 178.4408808 188.7017396 197.8367896 212.9238882 218.0100621 221.8825699 243.3815921 247.7056503 251.5795743 263.9278784 275.7782933 289.1425137 295.0875883 316.3721347 321.7251216 325.2654829 337.5324531 365.1788141 376.2516501 400.6600671 422.6937265 425.8006376 444.2131915 470.7688030 502.1814555 507.7364704 516.7029404 521.7977784 581.8947096 584.5425924 610.9251173 651.4114369 677.1171704 694.3919862 717.5402489 749.7353547 798.5324330 837.5487536 854.3734030 938.0435995 1002.622708 1051.476834 1076.234809 1090.711492 1184.564348 1198.394750 1294.513447 1324.950165 1360.911453 1390.987797 1444.388675 1508.717923 1525.499943 1539.049729 1574.395295 1725.655085 1820.888078 1931.086724 1996.614004 2057.546145 2352.990459 2380.672509 2588.449077 2726.257215 2856.123946 3114.552996 3210.462841 3358.132066 3492.747966 3808.351852 3894.223237 4044.090503 4167.481291 4301.776630 4355.638859 5425.218865 5938.850199 8386.980632 9039.749049 10804.82310 10980.67296 12430.35405 13862.75738 14519.22832 21000.00926 29341.98350 35253.56486
      sorted:	 0.08301621752 21.07625680 30.66779911 33.42830278 37.93662282 40.84952574 46.42592758 47.02776678 49.39144077 52.16661123 52.57210696 53.02895962 53.73954058 55.85988016 56.15143410 58.23871450 58.47807341 61.20412787 64.06898694 66.54123818 66.93610449 69.55279121 71.84780410 73.48513017 74.03467244 75.43991739 75.96809967 77.06783956 78.32701805 79.55353332 80.68600688 81.68324513 82.55514552 83.32669987 84.01528041 84.63428708 85.28180633 85.56364938 88.82644002 88.82644002 88.82644002 88.82644002 88.82644002 88.82644002 88.82644002 88.82644002 88.82644002 88.82644002 88.82644002 88.82644002 89.75217501 92.56491261 94.45266630 98.00676081 100.1787237 104.2253898 110.7782495 114.6733476 119.4501920 135.3705535 140.2691765 151.3465002 168.8660676 178.4408808 188.7017396 197.8367896 212.9238882 218.0100621 221.8825699 243.3815921 247.7056503 251.5795743 263.9278784 275.7782933 289.1425137 295.0875883 316.3721347 321.7251216 325.2654829 337.5324531 365.1788141 376.2516501 400.6600671 422.6937265 425.8006376 444.2131915 470.7688030 502.1814555 507.7364704 516.7029404 521.7977784 581.8947096 584.5425924 610.9251173 651.4114369 677.1171704 694.3919862 717.5402489 749.7353547 798.5324330 837.5487536 854.3734030 938.0435995 1002.622708 1051.476834 1076.234809 1090.711492 1184.564348 1198.394750 1294.513447 1324.950165 1360.911453 1390.987797 1444.388675 1508.717923 1525.499943 1539.049729 1574.395295 1725.655085 1820.888078 1931.086724 1996.614004 2057.546145 2352.990459 2380.672509 2588.449077 2726.257215 2856.123946 3114.552996 3210.462841 3358.132066 3492.747966 3808.351852 3894.223237 4044.090503 4167.481291 4301.776630 4355.638859 5425.218865 5938.850199 8386.980632 9039.749049 10804.82310 10980.67296 12430.35405 13862.75738 14519.22832 21000.00926 29341.98350 35253.56486
