    unsorted:	 39.47841822 39.47841822 39.47841822 39.47841822 39.47841822 39.47841822 39.47841822 39.47841822 39.47841822 39.47841822 39.47841822 39.47841822 86.01972969 87.14519218 91.72347655 96.29547700 96.60411418 98.87870835 106.9131093 105.2142411 110.4028148 114.0288910 78.07449391 75.94612463 73.67408064 70.23749624 67.16268826 122.4302505 124.9498194 129.9565523 132.7389457 134.6925101 137.6663327 59.37986875 59.55514784 144.6948661 51.67359352 47.45522295 39.90277548 152.1036333 155.4702897 33.92289945 29.97992408 27.00689051 169.1273709 182.5309979 184.9866722 193.3655106 9.661263866 207.1587381 209.4562009 215.3112889 3.634990278 225.3642458 252.9111874 283.9179574 306.3564376 320.4463053 340.4929364 341.8733139 395.7647529 401.9375125 427.7769109 438.5532982 457.7048731 462.9754745 476.5716090 481.8695754 501.2445963 506.6613047 530.7083511 543.3168878 573.6364054 591.6303043 609.1037969 628.3741136 636.0642383 647.8344022 726.9925513 753.7214169 824.2215702 842.1978503 921.8268359 940.9188227 1009.851524 1165.941911 1208.898773 1320.837795 1395.333069 1545.264737 1551.925785 1629.207335 1683.801670 1807.564436 1890.588736 2067.209235 2104.777879 2330.224060 2371.702228 3040.954039 3459.863492 3677.141955 3973.494110 4567.568807 5157.305097 5629.882200 9068.797213 11020.18631 12877.42410 13649.01147 15103.29723 21364.09050 26888.72982 75729.68104 181889.9227 1969313.640 2261337.136 5277497.957 4869688.455 7693297.960 7377406.221 9124085.343 9649643.875 10714502.29 61690700.41 61695301.36 61695189.37 61688399.05 61702713.57 61737400.29 12752535.18 16512987.34 21391857.26 22264745.56 25138753.70 26262782.83 76162618.47 76163449.05 76173773.42 82130110.09 82142191.47 82165244.35 96388527.23 96392925.43 96397376.33 96400425.03 96415287.57 70821864.74 57787153.81 88838163.95 88845920.05 104955010.6 104955857.2 104950111.3 104969920.6 104974411.2 50983267.58 42857252.87 114706769.5 114712329.4 114718778.1 114777370.5
      sorted:	 3.634990278 9.661263866 27.00689051 29.97992408 33.92289945 39.47841822 39.47841822 39.47841822 39.47841822 39.47841822 39.47841822 39.47841822 39.47841822 39.47841822 39.47841822 39.47841822 39.47841822 39.90277548 47.45522295 51.67359352 59.37986875 59.55514784 67.16268826 70.23749624 73.67408064 75.94612463 78.07449391 86.01972969 87.14519218 91.72347655 96.29547700 96.60411418 98.87870835 105.2142411 106.9131093 110.4028148 114.0288910 122.4302505 124.9498194 129.9565523 132.7389457 134.6925101 137.6663327 144.6948661 152.1036333 155.4702897 169.1273709 182.5309979 184.9866722 193.3655106 207.1587381 209.4562009 215.3112889 225.3642458 252.9111874 283.9179574 306.3564376 320.4463053 340.4929364 341.8733139 395.7647529 401.9375125 427.7769109 438.5532982 457.7048731 462.9754745 476.5716090 481.8695754 501.2445963 506.6613047 530.7083511 543.3168878 573.6364054 591.6303043 609.1037969 628.3741136 636.0642383 647.8344022 726.9925513 753.7214169 824.2215702 842.1978503 921.8268359 940.9188227 1009.851524 1165.941911 1208.898773 1320.837795 1395.333069 1545.264737 1551.925785 1629.207335 1683.801670 1807.564436 1890.588736 2067.209235 2104.777879 2330.224060 2371.702228 3040.954039 3459.863492 3677.141955 3973.494110 4567.568807 5157.305097 5629.882200 9068.797213 11020.18631 12877.42410 13649.01147 15103.29723 21364.09050 26888.72982 75729.68104 181889.9227 1969313.640 2261337.136 4869688.455 5277497.957 7377406.221 7693297.960 9124085.343 9649643.875 10714502.29 12752535.18 16512987.34 21391857.26 22264745.56 25138753.70 26262782.83 42857252.87 50983267.58 57787153.81 61688399.05 61690700.41 61695189.37 61695301.36 61702713.57 61737400.29 70821864.74 76162618.47 76163449.05 76173773.42 82130110.09 82142191.47 82165244.35 88838163.95 88845920.05 96388527.23 96392925.43 96397376.33 96400425.03 96415287.57 104950111.3 104955010.6 104955857.2 104969920.6 104974411.2 114706769.5 114712329.4 114718778.1 114777370.5
