    unsorted:	 3.387219514 0.8853002337 0.004012567909 0.06107967366 11.08046331 17.21902771 19.07699941 33.33279344 78.46846789 92.67159697 117.1545780 182.2016981 280.0603544 349.1665042 322.7134371 422.1368184 532.3264646 596.8520850 845.7196247 989.0549300 1097.606228 1699.276351 2297.927628 2659.426984 3366.844765 3806.790080 3830.264195 4942.145256 9806.211295 26157.97068 117879.4440
      sorted:	 0.004012567909 0.06107967366 0.8853002337 3.387219514 11.08046331 17.21902771 19.07699941 33.33279344 78.46846789 92.67159697 117.1545780 182.2016981 280.0603544 322.7134371 349.1665042 422.1368184 532.3264646 596.8520850 845.7196247 989.0549300 1097.606228 1699.276351 2297.927628 2659.426984 3366.844765 3806.790080 3830.264195 4942.145256 9806.211295 26157.97068 117879.4440
