    unsorted:	 1.214495273 2.695926809 0.2396932701 16.96157921 15.99376308 21.52808767 27.37493250 60.73792975 54.79978614 92.12331617 111.5088876 197.6290416 225.7809298 299.1057720 328.7338557 388.1649910 432.3680654 553.9383135 669.8766365 756.8548914 823.3619301 978.5926080 1770.880161 2564.779702 3114.035259 3683.397633 4777.299305 7001.277550 9684.064705 17199.98476 26295.69189 228507.5578
      sorted:	 0.2396932701 1.214495273 2.695926809 15.99376308 16.96157921 21.52808767 27.37493250 54.79978614 60.73792975 92.12331617 111.5088876 197.6290416 225.7809298 299.1057720 328.7338557 388.1649910 432.3680654 553.9383135 669.8766365 756.8548914 823.3619301 978.5926080 1770.880161 2564.779702 3114.035259 3683.397633 4777.299305 7001.277550 9684.064705 17199.98476 26295.69189 228507.5578
