    unsorted:	 88.82644002 88.82644002 88.82644002 88.82644002 88.82644002 88.82644002 88.82644002 88.82644002 88.82644002 88.82644002 88.82644002 88.82644002 70.45742570 69.18082415 68.89839044 69.39833739 68.19690466 67.08298595 66.30308484 65.39674068 65.72349894 64.78704310 64.40103655 72.12209147 73.64392911 74.96058759 74.83467736 75.98983501 76.65295199 77.67164213 78.80104200 79.85901262 80.80833060 81.65092140 82.40645812 83.09166748 83.71676221 84.33531357 62.93497707 62.36813226 87.80860028 59.89597675 89.89747864 92.50984201 54.81040294 54.00313266 99.72556182 101.6259098 103.5374080 106.2524096 46.76688606 111.2113259 114.2666645 119.0782835 35.52839833 129.0669530 30.98282936 136.9477579 142.0080195 148.0106343 153.2038206 21.76288384 167.7392651 12.63669794 175.4061081 190.7198081 190.2594700 197.0037379 199.1378918 1.240699223 2.429853204 214.2759109 224.1231323 238.4381448 236.7910534 256.5398950 269.9693940 273.9546374 286.8543614 303.9249009 332.2487854 336.2861938 344.3876455 353.3312204 375.7005582 399.5540100 408.3347657 443.9755832 457.8420183 465.3386469 472.8758525 510.3663387 549.8497414 578.7730700 593.1230970 683.1707564 721.8481147 729.1174528 764.2914673 779.8590295 845.4086592 866.3177743 920.3463480 946.8929574 961.4129578 981.7442462 1005.728637 1045.054130 1081.799210 1141.915393 1161.655237 1242.141584 1323.446882 1371.597728 1483.372038 1695.437839 1792.167468 1845.343585 1936.303952 2041.490613 2061.450390 2096.143084 2243.377865 2610.785353 2768.196922 2918.563575 3081.695047 3142.409519 3396.644041 3673.747279 3615.184050 3855.416891 4007.954920 4203.712848 4697.094444 4991.591063 5069.441725 5675.446425 5985.173566 8171.934537 8555.191222 9979.455917 13791.48768 23048.13298 113821.1685
      sorted:	 1.240699223 2.429853204 12.63669794 21.76288384 30.98282936 35.52839833 46.76688606 54.00313266 54.81040294 59.89597675 62.36813226 62.93497707 64.40103655 64.78704310 65.39674068 65.72349894 66.30308484 67.08298595 68.19690466 68.89839044 69.18082415 69.39833739 70.45742570 72.12209147 73.64392911 74.83467736 74.96058759 75.98983501 76.65295199 77.67164213 78.80104200 79.85901262 80.80833060 81.65092140 82.40645812 83.09166748 83.71676221 84.33531357 87.80860028 88.82644002 88.82644002 88.82644002 88.82644002 88.82644002 88.82644002 88.82644002 88.82644002 88.82644002 88.82644002 88.82644002 88.82644002 89.89747864 92.50984201 99.72556182 101.6259098 103.5374080 106.2524096 111.2113259 114.2666645 119.0782835 129.0669530 136.9477579 142.0080195 148.0106343 153.2038206 167.7392651 175.4061081 190.2594700 190.7198081 197.0037379 199.1378918 214.2759109 224.1231323 236.7910534 238.4381448 256.5398950 269.9693940 273.9546374 286.8543614 303.9249009 332.2487854 336.2861938 344.3876455 353.3312204 375.7005582 399.5540100 408.3347657 443.9755832 457.8420183 465.3386469 472.8758525 510.3663387 549.8497414 578.7730700 593.1230970 683.1707564 721.8481147 729.1174528 764.2914673 779.8590295 845.4086592 866.3177743 920.3463480 946.8929574 961.4129578 981.7442462 1005.728637 1045.054130 1081.799210 1141.915393 1161.655237 1242.141584 1323.446882 1371.597728 1483.372038 1695.437839 1792.167468 1845.343585 1936.303952 2041.490613 2061.450390 2096.143084 2243.377865 2610.785353 2768.196922 2918.563575 3081.695047 3142.409519 3396.644041 3615.184050 3673.747279 3855.416891 4007.954920 4203.712848 4697.094444 4991.591063 5069.441725 5675.446425 5985.173566 8171.934537 8555.191222 9979.455917 13791.48768 23048.13298 113821.1685
