    unsorted:	 39.47841822 39.47841822 39.47841822 39.47841822 39.47841822 39.47841822 39.47841822 39.47841822 39.47841822 39.47841822 39.47841822 39.47841822 97.04520921 98.31345615 93.59086831 90.52564848 104.8490328 113.3353192 116.5022278 79.64265821 77.33908817 75.26235057 71.99719371 69.75573143 124.7358679 128.0048644 134.2880335 139.3126197 142.0690254 60.56607688 58.07098523 52.68854970 52.15563522 150.5167088 157.0400437 160.6968199 166.5000711 182.9388022 184.1060135 179.0585485 191.1495652 194.6305954 197.8274116 40.42180124 36.41980633 32.39120785 209.2387296 26.41035412 24.93138183 227.4147396 9.612055509 246.2222198 251.6189471 276.6573411 298.0881039 305.8975372 317.5304477 334.0303324 363.5878625 397.8225998 409.2421752 441.0470459 448.2496592 450.5027362 471.3479099 481.2418169 497.2616341 509.9842165 518.2959608 535.7074525 545.6838432 572.5409911 602.8807038 594.4311596 606.9587314 637.9314233 644.2876965 664.4671240 668.6913979 724.8701378 765.6006383 890.7978898 947.5760750 1060.710864 1159.335739 1236.182165 1334.956487 1405.129896 1519.672373 1595.193215 1629.999673 1641.526708 1700.240257 1774.426692 1813.936011 2083.472174 2132.214286 2460.707108 3016.710877 3410.699299 3679.432313 3976.142267 4602.164398 4949.369799 5412.882206 5676.281764 9207.453430 11040.92963 12745.98487 13479.41011 14609.69721 23148.06097 30873.30500 74616.17644
      sorted:	 9.612055509 24.93138183 26.41035412 32.39120785 36.41980633 39.47841822 39.47841822 39.47841822 39.47841822 39.47841822 39.47841822 39.47841822 39.47841822 39.47841822 39.47841822 39.47841822 39.47841822 40.42180124 52.15563522 52.68854970 58.07098523 60.56607688 69.75573143 71.99719371 75.26235057 77.33908817 79.64265821 90.52564848 93.59086831 97.04520921 98.31345615 104.8490328 113.3353192 116.5022278 124.7358679 128.0048644 134.2880335 139.3126197 142.0690254 150.5167088 157.0400437 160.6968199 166.5000711 179.0585485 182.9388022 184.1060135 191.1495652 194.6305954 197.8274116 209.2387296 227.4147396 246.2222198 251.6189471 276.6573411 298.0881039 305.8975372 317.5304477 334.0303324 363.5878625 397.8225998 409.2421752 441.0470459 448.2496592 450.5027362 471.3479099 481.2418169 497.2616341 509.9842165 518.2959608 535.7074525 545.6838432 572.5409911 594.4311596 602.8807038 606.9587314 637.9314233 644.2876965 664.4671240 668.6913979 724.8701378 765.6006383 890.7978898 947.5760750 1060.710864 1159.335739 1236.182165 1334.956487 1405.129896 1519.672373 1595.193215 1629.999673 1641.526708 1700.240257 1774.426692 1813.936011 2083.472174 2132.214286 2460.707108 3016.710877 3410.699299 3679.432313 3976.142267 4602.164398 4949.369799 5412.882206 5676.281764 9207.453430 11040.92963 12745.98487 13479.41011 14609.69721 23148.06097 30873.30500 74616.17644
