    unsorted:	 39.47841822 39.47841822 39.47841822 39.47841822 39.47841822 39.47841822 39.47841822 39.47841822 39.47841822 39.47841822 39.47841822 39.47841822 91.95268812 92.33274343 96.57763180 98.63004640 86.24023994 105.2363121 107.3633319 110.8623093 115.7439259 77.66352812 79.63355573 74.90732773 71.60471361 70.81593543 123.4796218 125.0293021 130.0025791 132.3749966 135.6212484 137.2864514 60.27072771 58.93193638 54.62194138 52.58821385 147.4470780 153.1208218 156.9404934 42.73952542 41.22589519 167.2055569 32.97018378 30.64178588 177.1090827 184.8568532 25.36760813 192.4516108 207.7380486 210.1715709 217.5142599 225.5160339 9.680978546 247.2530703 263.8762321 309.6283864 322.2327723 341.8064389 346.2334731 366.4251913 400.5659313 395.9634618 426.8064201 450.8670108 456.2031166 476.8503013 469.1521177 485.9669300 497.7547058 512.6527143 531.7501229 547.1337433 571.6188286 584.9928080 595.6554741 619.0159590 639.2418991 649.5116008 661.5476884 707.4199169 753.8813150 903.4877100 935.7982178 1009.119313 1161.287534 1203.553924 1320.509595 1405.696914 1542.769641 1545.353106 1616.423617 1673.407006 1729.166345 1813.428707 1830.899972 2056.143904 2116.486844 2344.409925 3037.265720 3332.917540 3655.307944 3938.649539 4528.337247 4887.867499 5400.611321 5673.117864 9092.293068 11108.98079 12815.76596 13554.34584 15162.87121 22764.90391 29688.11329 76431.10184
      sorted:	 9.680978546 25.36760813 30.64178588 32.97018378 39.47841822 39.47841822 39.47841822 39.47841822 39.47841822 39.47841822 39.47841822 39.47841822 39.47841822 39.47841822 39.47841822 39.47841822 41.22589519 42.73952542 52.58821385 54.62194138 58.93193638 60.27072771 70.81593543 71.60471361 74.90732773 77.66352812 79.63355573 86.24023994 91.95268812 92.33274343 96.57763180 98.63004640 105.2363121 107.3633319 110.8623093 115.7439259 123.4796218 125.0293021 130.0025791 132.3749966 135.6212484 137.2864514 147.4470780 153.1208218 156.9404934 167.2055569 177.1090827 184.8568532 192.4516108 207.7380486 210.1715709 217.5142599 225.5160339 247.2530703 263.8762321 309.6283864 322.2327723 341.8064389 346.2334731 366.4251913 395.9634618 400.5659313 426.8064201 450.8670108 456.2031166 469.1521177 476.8503013 485.9669300 497.7547058 512.6527143 531.7501229 547.1337433 571.6188286 584.9928080 595.6554741 619.0159590 639.2418991 649.5116008 661.5476884 707.4199169 753.8813150 903.4877100 935.7982178 1009.119313 1161.287534 1203.553924 1320.509595 1405.696914 1542.769641 1545.353106 1616.423617 1673.407006 1729.166345 1813.428707 1830.899972 2056.143904 2116.486844 2344.409925 3037.265720 3332.917540 3655.307944 3938.649539 4528.337247 4887.867499 5400.611321 5673.117864 9092.293068 11108.98079 12815.76596 13554.34584 15162.87121 22764.90391 29688.11329 76431.10184
