    unsorted:	 88.82644002 88.82644002 88.82644002 88.82644002 88.82644002 88.82644002 88.82644002 88.82644002 88.82644002 88.82644002 88.82644002 88.82644002 65.87581552 66.72204120 65.01011974 67.32328272 67.18967836 63.82415989 64.60700363 63.40706454 63.19606796 62.87839416 62.12698543 61.67673618 69.27287164 70.24342139 71.11962006 72.72082577 74.14636419 75.46751348 76.49142751 77.45374271 78.60868069 79.72329888 80.72400953 81.60868484 82.39711600 83.10713286 83.75116888 84.38407117 57.18796828 88.62308197 89.22119004 55.07109726 92.03259941 50.83497976 102.8639486 103.0065391 103.7593278 105.7890947 43.69180905 113.1914364 114.6872852 121.1097018 34.60811774 127.9447172 28.91022761 139.0297362 141.8885942 21.65747137 12.06257918 171.1779903 176.6260776 190.1691495 188.7000561 195.2148201 202.8316727 214.8061596 227.1517495 239.9675634 241.6297120 261.3040457 273.9876407 274.9496736 294.0529395 308.6825821 335.7123408 343.4051878 352.8677090 355.7749058 381.9436943 402.8940070 415.7770170 428.0174362 469.0265724 465.5101597 478.5396723 481.7708280 520.2506253 564.3524757 587.3626023 600.5835288 698.8499399 730.5836882 748.7654562 754.9933871 781.8518096 864.5679214 907.6351079 926.5348994 959.8618891 974.8310661 1013.457676 1070.216315 1084.573477 1141.560628 1154.475060 1262.461953 1327.820028 1405.850199 1474.751202 1701.007500 1798.389608 1848.592458 1904.443965 2032.958494 2076.250836 2131.933029 2252.609472 2635.812661 2762.236384 2940.020178 3084.594899 3128.233344 3398.324397 3608.057806 3686.390061 3924.961543 4017.712490 4104.546931 4223.788860 4789.050258 4935.149362 5064.436727 6168.046821 7956.935593 8454.618563 8659.766641 10270.05091 13742.45001 24225.28350 99112.86819
      sorted:	 12.06257918 21.65747137 28.91022761 34.60811774 43.69180905 50.83497976 55.07109726 57.18796828 61.67673618 62.12698543 62.87839416 63.19606796 63.40706454 63.82415989 64.60700363 65.01011974 65.87581552 66.72204120 67.18967836 67.32328272 69.27287164 70.24342139 71.11962006 72.72082577 74.14636419 75.46751348 76.49142751 77.45374271 78.60868069 79.72329888 80.72400953 81.60868484 82.39711600 83.10713286 83.75116888 84.38407117 88.62308197 88.82644002 88.82644002 88.82644002 88.82644002 88.82644002 88.82644002 88.82644002 88.82644002 88.82644002 88.82644002 88.82644002 88.82644002 89.22119004 92.03259941 102.8639486 103.0065391 103.7593278 105.7890947 113.1914364 114.6872852 121.1097018 127.9447172 139.0297362 141.8885942 171.1779903 176.6260776 188.7000561 190.1691495 195.2148201 202.8316727 214.8061596 227.1517495 239.9675634 241.6297120 261.3040457 273.9876407 274.9496736 294.0529395 308.6825821 335.7123408 343.4051878 352.8677090 355.7749058 381.9436943 402.8940070 415.7770170 428.0174362 465.5101597 469.0265724 478.5396723 481.7708280 520.2506253 564.3524757 587.3626023 600.5835288 698.8499399 730.5836882 748.7654562 754.9933871 781.8518096 864.5679214 907.6351079 926.5348994 959.8618891 974.8310661 1013.457676 1070.216315 1084.573477 1141.560628 1154.475060 1262.461953 1327.820028 1405.850199 1474.751202 1701.007500 1798.389608 1848.592458 1904.443965 2032.958494 2076.250836 2131.933029 2252.609472 2635.812661 2762.236384 2940.020178 3084.594899 3128.233344 3398.324397 3608.057806 3686.390061 3924.961543 4017.712490 4104.546931 4223.788860 4789.050258 4935.149362 5064.436727 6168.046821 7956.935593 8454.618563 8659.766641 10270.05091 13742.45001 24225.28350 99112.86819
