    unsorted:	 57.85725194 60.08391259 55.25590151 53.71120859 66.70240289 71.76053963 76.27542655 75.54792703 83.04145737 25.92400736 14.48129114 8.663638762 158.5951637 227.7648028 263.1313511 319.5400609 380.2358742 422.0437975 474.8471581 522.5502501 538.2799589 733.0598458 780.7215064 805.2145130 868.2145204 1501.237713 1741.013857 1937.926556 2135.910078 2156.530367 2742.348594 3280.042589 3395.808250 3987.181944 4104.925105 5544.181314 6805.419709 8226.026143 12221.02201 15484.15622 15371.79394 14608.05559 26657.67868 40106.49498 78685.76499
      sorted:	 8.663638762 14.48129114 25.92400736 53.71120859 55.25590151 57.85725194 60.08391259 66.70240289 71.76053963 75.54792703 76.27542655 83.04145737 158.5951637 227.7648028 263.1313511 319.5400609 380.2358742 422.0437975 474.8471581 522.5502501 538.2799589 733.0598458 780.7215064 805.2145130 868.2145204 1501.237713 1741.013857 1937.926556 2135.910078 2156.530367 2742.348594 3280.042589 3395.808250 3987.181944 4104.925105 5544.181314 6805.419709 8226.026143 12221.02201 14608.05559 15371.79394 15484.15622 26657.67868 40106.49498 78685.76499
