    unsorted:	 88.82644002 88.82644002 88.82644002 88.82644002 88.82644002 88.82644002 88.82644002 88.82644002 88.82644002 88.82644002 88.82644002 88.82644002 81.77474289 82.30101627 82.61793294 80.96387825 83.29079782 80.08001009 83.93291832 79.07169932 84.52499189 85.07098249 85.28221253 77.91775638 76.89066792 76.01510557 74.53925655 72.77046002 72.69505337 70.69195515 69.60973083 68.42005625 66.04421468 65.35694696 63.73943129 62.62548273 61.48666733 59.26639949 56.26037759 56.17343311 56.93636671 55.94214480 57.37030577 55.33688508 53.45389577 90.68917029 50.07441562 49.10795100 47.46805518 98.38392963 97.95294021 99.79108363 100.9751212 41.02877853 112.5008793 33.44933109 117.2984011 29.46844553 129.2106224 136.2562474 146.1727933 9.954553257 170.2826445 179.5917233 187.7116700 192.6089729 213.2167395 215.9144718 222.9982505 245.2714646 242.6150021 264.7443082 267.8489652 285.4175021 295.4103501 297.5583908 315.1894298 338.5660969 353.1908421 365.5282476 373.6655044 389.1107855 406.8320559 420.7503135 442.5186548 452.6266535 475.8400906 484.2665142 487.4542913 500.7410079 527.9139161 530.2971767 581.6175513 592.1264663 602.7030036 674.9121713 677.7835806 696.1441198 718.6201789 723.9714784 746.9401494 772.6727693 798.3314850 890.2100569 930.1079155 982.1084190 1034.327174 1090.774989 1127.635166 1137.903946 1220.065802 1314.393466 1378.204225 1432.652609 1438.086753 1441.601883 1559.246193 1658.191114 1743.105355 1888.844003 2002.357084 2055.562961 2070.443317 2104.030306 2266.324434 2651.152039 2700.101170 2854.308552 3157.168692 3215.803748 3510.862613 3585.841972 3939.507154 4099.314990 4145.283330 4341.019034 4410.361069 4747.763593 5197.060926 5417.182902 8405.038712 9444.744280 11330.82899 11609.91524 13066.08878 14707.70737 15543.76904 23192.19365 29841.53224 71466.52467
      sorted:	 9.954553257 29.46844553 33.44933109 41.02877853 47.46805518 49.10795100 50.07441562 53.45389577 55.33688508 55.94214480 56.17343311 56.26037759 56.93636671 57.37030577 59.26639949 61.48666733 62.62548273 63.73943129 65.35694696 66.04421468 68.42005625 69.60973083 70.69195515 72.69505337 72.77046002 74.53925655 76.01510557 76.89066792 77.91775638 79.07169932 80.08001009 80.96387825 81.77474289 82.30101627 82.61793294 83.29079782 83.93291832 84.52499189 85.07098249 85.28221253 88.82644002 88.82644002 88.82644002 88.82644002 88.82644002 88.82644002 88.82644002 88.82644002 88.82644002 88.82644002 88.82644002 88.82644002 90.68917029 97.95294021 98.38392963 99.79108363 100.9751212 112.5008793 117.2984011 129.2106224 136.2562474 146.1727933 170.2826445 179.5917233 187.7116700 192.6089729 213.2167395 215.9144718 222.9982505 242.6150021 245.2714646 264.7443082 267.8489652 285.4175021 295.4103501 297.5583908 315.1894298 338.5660969 353.1908421 365.5282476 373.6655044 389.1107855 406.8320559 420.7503135 442.5186548 452.6266535 475.8400906 484.2665142 487.4542913 500.7410079 527.9139161 530.2971767 581.6175513 592.1264663 602.7030036 674.9121713 677.7835806 696.1441198 718.6201789 723.9714784 746.9401494 772.6727693 798.3314850 890.2100569 930.1079155 982.1084190 1034.327174 1090.774989 1127.635166 1137.903946 1220.065802 1314.393466 1378.204225 1432.652609 1438.086753 1441.601883 1559.246193 1658.191114 1743.105355 1888.844003 2002.357084 2055.562961 2070.443317 2104.030306 2266.324434 2651.152039 2700.101170 2854.308552 3157.168692 3215.803748 3510.862613 3585.841972 3939.507154 4099.314990 4145.283330 4341.019034 4410.361069 4747.763593 5197.060926 5417.182902 8405.038712 9444.744280 11330.82899 11609.91524 13066.08878 14707.70737 15543.76904 23192.19365 29841.53224 71466.52467
