    unsorted:	 88.82644002 88.82644002 88.82644002 88.82644002 88.82644002 88.82644002 88.82644002 88.82644002 88.82644002 88.82644002 88.82644002 88.82644002 84.86664558 84.61829959 84.27480345 83.63102230 82.90892701 85.53202060 82.09270177 81.15626450 80.08231321 78.88883210 77.59863031 76.26999286 76.20808362 74.64236771 72.78489357 73.03649182 70.65295876 87.59615809 69.27002166 68.18687861 65.45336755 91.34876615 62.60379398 59.78557425 57.10809102 56.17089572 54.69094953 52.91841053 52.23867593 51.91977603 51.84266581 48.70814080 48.28329051 97.11260513 99.22178017 100.3851870 41.59172245 40.30922632 110.0392621 33.65565045 32.50283234 117.0836099 26.47463651 23.95694333 129.9318995 136.7347510 15.47231390 148.4477447 5.411283663 172.6573665 186.0659983 192.9965133 215.6532640 220.1180194 231.6577798 247.4161275 249.9384142 264.9477821 269.8569723 291.7149980 293.5227659 304.0814682 322.1848550 333.0495334 338.6119729 359.7544638 372.8980078 393.2522848 395.9868728 426.6265506 432.5927635 435.5133165 446.9502556 471.9055844 483.2801730 487.3768020 496.3058132 502.7588678 519.2869737 523.7837257 565.0039255 587.9838987 596.7435079 621.6444001 661.0301591 685.5094477 712.3379802 796.3917178 812.6313705 867.3392909 920.6955604 979.1286680 1014.097451 1071.044938 1115.153659 1133.980310 1180.088637 1326.088702 1359.481202 1402.815557 1467.189309 1517.145803 1562.338248 1631.516403 1822.386530 1970.083022 2020.236196 2058.090820 2085.415762 2284.637105 2638.023635 2690.528568 2870.743536 3161.600610 3319.921535 3460.707968 3486.338868 3897.309719 4045.626819 4123.816603 4241.639625 4308.666585 5086.476277 5443.563886 8364.860147 9308.582300 11103.31174 11428.49665 12977.51358 14358.91456 14512.27904 22827.75380 29667.56852 60728.67616
      sorted:	 5.411283663 15.47231390 23.95694333 26.47463651 32.50283234 33.65565045 40.30922632 41.59172245 48.28329051 48.70814080 51.84266581 51.91977603 52.23867593 52.91841053 54.69094953 56.17089572 57.10809102 59.78557425 62.60379398 65.45336755 68.18687861 69.27002166 70.65295876 72.78489357 73.03649182 74.64236771 76.20808362 76.26999286 77.59863031 78.88883210 80.08231321 81.15626450 82.09270177 82.90892701 83.63102230 84.27480345 84.61829959 84.86664558 85.53202060 87.59615809 88.82644002 88.82644002 88.82644002 88.82644002 88.82644002 88.82644002 88.82644002 88.82644002 88.82644002 88.82644002 88.82644002 88.82644002 91.34876615 97.11260513 99.22178017 100.3851870 110.0392621 117.0836099 129.9318995 136.7347510 148.4477447 172.6573665 186.0659983 192.9965133 215.6532640 220.1180194 231.6577798 247.4161275 249.9384142 264.9477821 269.8569723 291.7149980 293.5227659 304.0814682 322.1848550 333.0495334 338.6119729 359.7544638 372.8980078 393.2522848 395.9868728 426.6265506 432.5927635 435.5133165 446.9502556 471.9055844 483.2801730 487.3768020 496.3058132 502.7588678 519.2869737 523.7837257 565.0039255 587.9838987 596.7435079 621.6444001 661.0301591 685.5094477 712.3379802 796.3917178 812.6313705 867.3392909 920.6955604 979.1286680 1014.097451 1071.044938 1115.153659 1133.980310 1180.088637 1326.088702 1359.481202 1402.815557 1467.189309 1517.145803 1562.338248 1631.516403 1822.386530 1970.083022 2020.236196 2058.090820 2085.415762 2284.637105 2638.023635 2690.528568 2870.743536 3161.600610 3319.921535 3460.707968 3486.338868 3897.309719 4045.626819 4123.816603 4241.639625 4308.666585 5086.476277 5443.563886 8364.860147 9308.582300 11103.31174 11428.49665 12977.51358 14358.91456 14512.27904 22827.75380 29667.56852 60728.67616
