    unsorted:	 88.82644002 88.82644002 88.82644002 88.82644002 88.82644002 88.82644002 88.82644002 88.82644002 88.82644002 88.82644002 88.82644002 88.82644002 72.12934454 72.06416476 71.82535541 71.70337020 72.69408957 73.41156640 73.89399040 71.04232023 70.93343544 74.59440398 75.51026244 76.42402683 77.29335749 78.12658716 78.93946794 79.72694745 80.46497372 81.14923211 81.77375435 82.34120369 82.86095082 83.34201458 83.79385784 69.57509132 84.91106785 67.56558464 89.37405607 64.65128837 91.09175724 91.50213867 62.23890697 60.86174768 59.18833878 95.65358893 58.19224366 57.23005739 102.9138068 52.22045148 109.0225465 110.1842037 118.8520797 121.0645436 125.3385575 38.20202579 134.2156020 143.0639007 13.88370160 14.18324070 5.543932925 173.6148652 190.0324857 194.4210404 200.7257170 220.8757561 219.7029574 228.1184801 238.3302095 257.7880826 260.7978581 275.1132153 285.0532558 292.3980402 295.3471445 301.8952588 338.6985814 348.3935590 357.8282457 377.9778608 401.4549109 400.8601416 403.6961411 446.4700854 456.9630947 458.3036550 467.8620315 477.9331075 487.9154967 523.1198738 545.6105182 572.1905283 585.1206487 628.2045164 642.3441086 688.5849940 711.7110003 725.6080642 765.2950033 774.4310224 854.2817899 903.1066851 948.2654830 1015.688949 1042.139155 1072.405132 1102.031218 1174.984390 1220.338080 1258.812766 1351.854879 1371.917055 1388.559166 1656.884550 1685.200611 1772.764203 1840.097083 1939.212478 2015.595197 2095.609503 2167.635117 2565.554091 2632.922226 2735.620289 2958.212775 3122.431864 3156.945705 3448.722751 3715.203186 3860.979613 4061.690418 4305.038934 4473.290676 4606.255719 5210.861646 6775.914937 9011.635119 11015.26077 12849.86353 14055.32054 15465.42570 23695.01569 30142.92935 140099.5204
      sorted:	 5.543932925 13.88370160 14.18324070 38.20202579 52.22045148 57.23005739 58.19224366 59.18833878 60.86174768 62.23890697 64.65128837 67.56558464 69.57509132 70.93343544 71.04232023 71.70337020 71.82535541 72.06416476 72.12934454 72.69408957 73.41156640 73.89399040 74.59440398 75.51026244 76.42402683 77.29335749 78.12658716 78.93946794 79.72694745 80.46497372 81.14923211 81.77375435 82.34120369 82.86095082 83.34201458 83.79385784 84.91106785 88.82644002 88.82644002 88.82644002 88.82644002 88.82644002 88.82644002 88.82644002 88.82644002 88.82644002 88.82644002 88.82644002 88.82644002 89.37405607 91.09175724 91.50213867 95.65358893 102.9138068 109.0225465 110.1842037 118.8520797 121.0645436 125.3385575 134.2156020 143.0639007 173.6148652 190.0324857 194.4210404 200.7257170 219.7029574 220.8757561 228.1184801 238.3302095 257.7880826 260.7978581 275.1132153 285.0532558 292.3980402 295.3471445 301.8952588 338.6985814 348.3935590 357.8282457 377.9778608 400.8601416 401.4549109 403.6961411 446.4700854 456.9630947 458.3036550 467.8620315 477.9331075 487.9154967 523.1198738 545.6105182 572.1905283 585.1206487 628.2045164 642.3441086 688.5849940 711.7110003 725.6080642 765.2950033 774.4310224 854.2817899 903.1066851 948.2654830 1015.688949 1042.139155 1072.405132 1102.031218 1174.984390 1220.338080 1258.812766 1351.854879 1371.917055 1388.559166 1656.884550 1685.200611 1772.764203 1840.097083 1939.212478 2015.595197 2095.609503 2167.635117 2565.554091 2632.922226 2735.620289 2958.212775 3122.431864 3156.945705 3448.722751 3715.203186 3860.979613 4061.690418 4305.038934 4473.290676 4606.255719 5210.861646 6775.914937 9011.635119 11015.26077 12849.86353 14055.32054 15465.42570 23695.01569 30142.92935 140099.5204
