    unsorted:	 0.004945012006 0.005234552784 0.007807251325 0.008764135502 -0.02137875344 0.05658203299 1.204362930 0.5526598900 1.900914652 15.04255685 20.43209699 31.88755516 52.34713167 53.69086954 76.32264824 83.75362440 124.3305995 164.6255783 287.8736860 376.8423170 448.2745596 487.8870163 679.4218655 751.1448454 781.9016428 816.8122690 920.2530360 1189.888626 1341.211812 2380.949235 2432.753274 3073.674091 3163.751050 4227.940058 5943.128402 7167.331539 7385.196666 13443.25235 17246.12241 64306.97651 137256.6030
      sorted:	 -0.02137875344 0.004945012006 0.005234552784 0.007807251325 0.008764135502 0.05658203299 0.5526598900 1.204362930 1.900914652 15.04255685 20.43209699 31.88755516 52.34713167 53.69086954 76.32264824 83.75362440 124.3305995 164.6255783 287.8736860 376.8423170 448.2745596 487.8870163 679.4218655 751.1448454 781.9016428 816.8122690 920.2530360 1189.888626 1341.211812 2380.949235 2432.753274 3073.674091 3163.751050 4227.940058 5943.128402 7167.331539 7385.196666 13443.25235 17246.12241 64306.97651 137256.6030
