    unsorted:	 61.68502800 61.68502800 61.68502800 61.68502800 61.68502800 61.68502800 61.68502800 61.68502800 61.68502800 61.68502800 61.68502800 61.68502800 61.68502800 61.68502800 0.004935226966 0.003526095397 0.008388601738 0.01459217567 0.03602610619 0.05830510437 0.3159533663 1.178045431 5.391261489 24.48870572 17.07799669 29.18510586 33.68110992 47.35489289 59.23316215 67.27939615 90.54165141 84.31213104 98.92552485 104.0313491 135.7007561 150.6077147 166.5439336 205.4201118 227.1034671 253.9275230 259.9684363 339.0385511 398.2903239 389.8389874 410.9236035 416.1310391 427.5787105 436.6974846 472.1107659 515.2818432 547.1397560 629.2435549 665.9983136 738.0838406 751.7555978 773.5556239 813.6003721 842.7032569 904.2104027 946.5066702 991.1665647 1065.108003 1163.294381 1173.590186 1222.021826 1313.876897 1504.815295 1659.840771 2220.752650 2318.118021 2341.763919 2608.682391 2881.689873 2925.260975 3034.906404 3144.362575 3244.977706 3544.587347 4788.273525 5083.207902 5634.788235 6396.436603 6856.799528 9124.646841 12055.49750 16633.29418 20097.38523 23705.56267 29704.81830 32008.43569 36006.56694 49661.10911 91734.42334 105726.1616 124361.4462 144612.4675 152575.2882 288193.5796 635394.0215 969360.2730
      sorted:	 0.003526095397 0.004935226966 0.008388601738 0.01459217567 0.03602610619 0.05830510437 0.3159533663 1.178045431 5.391261489 17.07799669 24.48870572 29.18510586 33.68110992 47.35489289 59.23316215 61.68502800 61.68502800 61.68502800 61.68502800 61.68502800 61.68502800 61.68502800 61.68502800 61.68502800 61.68502800 61.68502800 61.68502800 61.68502800 61.68502800 67.27939615 84.31213104 90.54165141 98.92552485 104.0313491 135.7007561 150.6077147 166.5439336 205.4201118 227.1034671 253.9275230 259.9684363 339.0385511 389.8389874 398.2903239 410.9236035 416.1310391 427.5787105 436.6974846 472.1107659 515.2818432 547.1397560 629.2435549 665.9983136 738.0838406 751.7555978 773.5556239 813.6003721 842.7032569 904.2104027 946.5066702 991.1665647 1065.108003 1163.294381 1173.590186 1222.021826 1313.876897 1504.815295 1659.840771 2220.752650 2318.118021 2341.763919 2608.682391 2881.689873 2925.260975 3034.906404 3144.362575 3244.977706 3544.587347 4788.273525 5083.207902 5634.788235 6396.436603 6856.799528 9124.646841 12055.49750 16633.29418 20097.38523 23705.56267 29704.81830 32008.43569 36006.56694 49661.10911 91734.42334 105726.1616 124361.4462 144612.4675 152575.2882 288193.5796 635394.0215 969360.2730
