    unsorted:	 39.47841822 39.47841822 39.47841822 39.47841822 39.47841822 39.47841822 39.47841822 39.47841822 39.47841822 39.47841822 39.47841822 39.47841822 35.88627960 36.28668850 35.46453937 35.10337051 34.78178031 36.65980733 34.25708598 33.59057408 32.81614860 37.17992782 31.93046750 32.06897256 30.92036692 29.78013346 28.54331487 28.80951392 27.30111874 39.55247598 39.78929356 26.09254864 24.90864326 24.82275369 23.81780382 22.88596226 23.05280297 22.78335286 23.45825816 21.87495192 44.21286225 19.32686703 45.78967327 16.44902658 50.52103657 51.55312426 52.09253473 58.42772529 58.85126666 9.820314373 70.37212768 71.38174996 72.97579122 75.35752922 78.91358400 79.93768364 89.53256202 90.66496124 92.37301356 94.95379875 100.2451064 102.1981248 105.5257273 109.4498054 115.3760687 121.1997100 125.2359447 126.8555600 129.6317438 134.0356134 134.6841446 139.0395062 152.0940791 160.1279030 163.7931603 170.0907474 183.0600672 184.0675608 194.1667858 206.6969787 209.0177038 214.0673752 225.5523903 246.7381155 263.7171786 305.3427369 316.8334108 340.0594162 344.1566670 371.8224168 397.8176557 414.3020630 419.8571291 451.4679108 447.1451476 463.2806061 477.7561008 482.1371869 495.6381958 508.8300390 527.7617009 551.4782655 569.2282354 592.1609919 600.6801722 620.5640430 637.4040136 644.2983263 653.0568534 698.6724060 744.3859797 878.5450480 918.6484919 1003.334918 1141.666916 1193.620294 1348.923797 1424.007471 1517.016876 1530.474160 1623.407209 1637.345749 1682.732813 1776.434084 1801.058771 2066.544341 2114.037437 2328.796324 2986.328684 3331.014557 3693.615418 3904.629217 4533.354834 4907.212072 5326.765487 5581.661783 9135.754117 11028.86410 12870.74180 13584.20302 15296.73707 22699.19438 29715.72049 62070.71075
      sorted:	 9.820314373 16.44902658 19.32686703 21.87495192 22.78335286 22.88596226 23.05280297 23.45825816 23.81780382 24.82275369 24.90864326 26.09254864 27.30111874 28.54331487 28.80951392 29.78013346 30.92036692 31.93046750 32.06897256 32.81614860 33.59057408 34.25708598 34.78178031 35.10337051 35.46453937 35.88627960 36.28668850 36.65980733 37.17992782 39.47841822 39.47841822 39.47841822 39.47841822 39.47841822 39.47841822 39.47841822 39.47841822 39.47841822 39.47841822 39.47841822 39.47841822 39.55247598 39.78929356 44.21286225 45.78967327 50.52103657 51.55312426 52.09253473 58.42772529 58.85126666 70.37212768 71.38174996 72.97579122 75.35752922 78.91358400 79.93768364 89.53256202 90.66496124 92.37301356 94.95379875 100.2451064 102.1981248 105.5257273 109.4498054 115.3760687 121.1997100 125.2359447 126.8555600 129.6317438 134.0356134 134.6841446 139.0395062 152.0940791 160.1279030 163.7931603 170.0907474 183.0600672 184.0675608 194.1667858 206.6969787 209.0177038 214.0673752 225.5523903 246.7381155 263.7171786 305.3427369 316.8334108 340.0594162 344.1566670 371.8224168 397.8176557 414.3020630 419.8571291 447.1451476 451.4679108 463.2806061 477.7561008 482.1371869 495.6381958 508.8300390 527.7617009 551.4782655 569.2282354 592.1609919 600.6801722 620.5640430 637.4040136 644.2983263 653.0568534 698.6724060 744.3859797 878.5450480 918.6484919 1003.334918 1141.666916 1193.620294 1348.923797 1424.007471 1517.016876 1530.474160 1623.407209 1637.345749 1682.732813 1776.434084 1801.058771 2066.544341 2114.037437 2328.796324 2986.328684 3331.014557 3693.615418 3904.629217 4533.354834 4907.212072 5326.765487 5581.661783 9135.754117 11028.86410 12870.74180 13584.20302 15296.73707 22699.19438 29715.72049 62070.71075
