    unsorted:	 88.82644002 88.82644002 88.82644002 88.82644002 88.82644002 88.82644002 88.82644002 88.82644002 88.82644002 88.82644002 88.82644002 88.82644002 69.28131907 69.56475652 70.08734748 71.24756723 73.07649033 67.32030155 74.71586388 76.03692317 76.90052607 77.99252119 79.16803051 80.24304328 81.18063855 81.98130476 82.65904150 83.24623463 83.79811361 84.34137676 85.03180884 65.41359955 64.50193865 63.45604499 61.56260695 59.99548871 60.10760390 59.57704712 60.90070864 59.34899846 59.13634263 87.42410403 57.08246963 56.70677465 88.78869220 90.33251585 51.92706401 51.46082532 97.73513687 46.59284680 101.2734106 102.4859056 39.32555540 113.5477464 116.8195136 117.9615805 31.70439318 131.6811931 21.61115972 138.1788843 9.238535895 167.8737914 186.6112340 190.3376950 214.1722588 213.2655796 223.7318295 238.8229320 243.3491270 256.5582844 265.2367896 272.4611866 275.6624023 288.5637264 295.1698602 309.0890340 334.6680061 343.3087967 372.0095657 381.6061201 391.6087672 416.4643708 446.1439420 468.2997039 463.4494943 471.1400396 482.1357781 498.9914720 519.0589774 529.3546901 564.6432885 572.5331759 581.1159388 629.5395253 680.8491960 707.3265871 735.7214926 748.4204818 795.7943268 804.8736505 876.9190454 924.0760083 959.0330690 1014.990477 1062.137870 1074.273467 1112.059597 1179.705785 1241.827728 1331.387388 1375.888986 1379.705605 1408.049875 1630.468933 1676.108357 1721.702616 1815.133678 1964.416036 2008.817146 2068.076185 2163.216889 2558.911935 2635.108970 2748.631781 3072.043916 3124.284609 3396.972906 3494.587423 3797.566988 3999.766380 4136.142508 4250.665554 4457.779194 4671.901496 5092.538262 8262.085222 9410.913097 11409.30147 12133.78000 14153.59321 15677.65557 23234.44351 29652.76157 90561.08746
      sorted:	 9.238535895 21.61115972 31.70439318 39.32555540 46.59284680 51.46082532 51.92706401 56.70677465 57.08246963 59.13634263 59.34899846 59.57704712 59.99548871 60.10760390 60.90070864 61.56260695 63.45604499 64.50193865 65.41359955 67.32030155 69.28131907 69.56475652 70.08734748 71.24756723 73.07649033 74.71586388 76.03692317 76.90052607 77.99252119 79.16803051 80.24304328 81.18063855 81.98130476 82.65904150 83.24623463 83.79811361 84.34137676 85.03180884 87.42410403 88.78869220 88.82644002 88.82644002 88.82644002 88.82644002 88.82644002 88.82644002 88.82644002 88.82644002 88.82644002 88.82644002 88.82644002 88.82644002 90.33251585 97.73513687 101.2734106 102.4859056 113.5477464 116.8195136 117.9615805 131.6811931 138.1788843 167.8737914 186.6112340 190.3376950 213.2655796 214.1722588 223.7318295 238.8229320 243.3491270 256.5582844 265.2367896 272.4611866 275.6624023 288.5637264 295.1698602 309.0890340 334.6680061 343.3087967 372.0095657 381.6061201 391.6087672 416.4643708 446.1439420 463.4494943 468.2997039 471.1400396 482.1357781 498.9914720 519.0589774 529.3546901 564.6432885 572.5331759 581.1159388 629.5395253 680.8491960 707.3265871 735.7214926 748.4204818 795.7943268 804.8736505 876.9190454 924.0760083 959.0330690 1014.990477 1062.137870 1074.273467 1112.059597 1179.705785 1241.827728 1331.387388 1375.888986 1379.705605 1408.049875 1630.468933 1676.108357 1721.702616 1815.133678 1964.416036 2008.817146 2068.076185 2163.216889 2558.911935 2635.108970 2748.631781 3072.043916 3124.284609 3396.972906 3494.587423 3797.566988 3999.766380 4136.142508 4250.665554 4457.779194 4671.901496 5092.538262 8262.085222 9410.913097 11409.30147 12133.78000 14153.59321 15677.65557 23234.44351 29652.76157 90561.08746
