    unsorted:	 88.82644002 88.82644002 88.82644002 88.82644002 88.82644002 88.82644002 88.82644002 88.82644002 88.82644002 88.82644002 88.82644002 88.82644002 84.12892150 83.42942799 84.65682254 84.98687970 85.44635081 82.78620608 82.33778009 85.92374134 81.39918206 86.60163134 80.21569542 78.84684324 77.36945211 75.83243820 74.09451718 90.11322137 90.94510949 72.56843345 71.58802122 68.94912259 65.72491281 62.18321647 62.16037581 61.07517687 58.55343028 96.49936286 54.94147262 53.82006845 51.51052594 50.73068970 49.48366464 48.04279706 46.90711718 44.80893586 44.60635735 45.59888042 99.80489781 40.94832578 105.6646143 112.7695926 118.9447309 28.01039530 128.1832528 133.0802655 18.51106749 13.24956776 6.775539314 153.5872116 160.9076694 183.5037565 188.0327178 202.8602479 213.0659458 229.1724426 245.8433434 254.6090394 266.3321402 276.6926572 279.8175930 294.2159247 310.5416535 316.5781554 336.8601493 347.6434012 352.5619136 368.4431951 382.9009402 388.5332004 396.0449651 409.5453510 432.4776231 443.3634847 450.2818475 456.3129444 471.3150083 498.9216980 507.9388173 518.2667991 542.5520776 551.7299949 607.9784631 600.4035080 655.8006277 662.2514927 690.0693834 733.0771037 772.2290838 793.9923563 827.9805765 906.8709709 952.6082242 942.0450583 981.3897364 1038.563097 1074.619280 1116.395519 1248.115460 1303.779211 1317.301439 1460.777302 1490.257204 1558.862888 1771.254422 1885.387354 1977.991890 2010.564518 2378.914767 2413.642812 2506.353019 2766.266922 3004.240588 3034.899541 3069.983887 3118.061997 3207.589941 3361.757921 3531.746729 3618.726738 3672.758001 3748.868616 3834.054664 3941.323808 4511.416487 5214.657692 6479.989477 6743.033352 7730.985286 9017.805035 9912.132756 10612.47106 13247.65608 13407.75521 17234.90530 17823.96144 22624.77508 31477.19691 39306.28365
      sorted:	 6.775539314 13.24956776 18.51106749 28.01039530 40.94832578 44.60635735 44.80893586 45.59888042 46.90711718 48.04279706 49.48366464 50.73068970 51.51052594 53.82006845 54.94147262 58.55343028 61.07517687 62.16037581 62.18321647 65.72491281 68.94912259 71.58802122 72.56843345 74.09451718 75.83243820 77.36945211 78.84684324 80.21569542 81.39918206 82.33778009 82.78620608 83.42942799 84.12892150 84.65682254 84.98687970 85.44635081 85.92374134 86.60163134 88.82644002 88.82644002 88.82644002 88.82644002 88.82644002 88.82644002 88.82644002 88.82644002 88.82644002 88.82644002 88.82644002 88.82644002 90.11322137 90.94510949 96.49936286 99.80489781 105.6646143 112.7695926 118.9447309 128.1832528 133.0802655 153.5872116 160.9076694 183.5037565 188.0327178 202.8602479 213.0659458 229.1724426 245.8433434 254.6090394 266.3321402 276.6926572 279.8175930 294.2159247 310.5416535 316.5781554 336.8601493 347.6434012 352.5619136 368.4431951 382.9009402 388.5332004 396.0449651 409.5453510 432.4776231 443.3634847 450.2818475 456.3129444 471.3150083 498.9216980 507.9388173 518.2667991 542.5520776 551.7299949 600.4035080 607.9784631 655.8006277 662.2514927 690.0693834 733.0771037 772.2290838 793.9923563 827.9805765 906.8709709 942.0450583 952.6082242 981.3897364 1038.563097 1074.619280 1116.395519 1248.115460 1303.779211 1317.301439 1460.777302 1490.257204 1558.862888 1771.254422 1885.387354 1977.991890 2010.564518 2378.914767 2413.642812 2506.353019 2766.266922 3004.240588 3034.899541 3069.983887 3118.061997 3207.589941 3361.757921 3531.746729 3618.726738 3672.758001 3748.868616 3834.054664 3941.323808 4511.416487 5214.657692 6479.989477 6743.033352 7730.985286 9017.805035 9912.132756 10612.47106 13247.65608 13407.75521 17234.90530 17823.96144 22624.77508 31477.19691 39306.28365
