    unsorted:	 39.47841822 39.47841822 39.47841822 39.47841822 39.47841822 39.47841822 39.47841822 39.47841822 39.47841822 39.47841822 39.47841822 39.47841822 97.04499055 98.31314181 93.56984716 90.52465713 104.8484357 113.3347592 116.5020905 79.64221217 77.33847538 75.26200949 71.99648674 69.75479226 124.7357803 128.0054978 134.2883151 139.3125412 142.0691099 60.56589386 58.07132230 52.68792820 52.15591535 150.5160996 157.0402129 160.6969484 166.4999351 182.9392101 184.1054763 179.0580075 191.1496227 194.6299388 197.8273165 40.42047151 36.42000165 32.39113150 209.2389440 26.40861775 24.93247583 227.4149561 9.612086831 246.2222703 251.6200209 276.6640905 298.0884352 305.8973948 317.5308015 334.0305238 363.5872663 397.7766090 409.2364428 441.0434870 448.2487095 450.5025236 471.3480056 481.2420511 497.2626633 509.9830364 518.2958357 535.7073995 545.6835259 572.5405990 602.8601691 594.4312286 606.9559067 637.9137825 644.2864421 664.4630614 668.6866603 724.8478147 765.5871101 890.7972999 947.5759232 1060.710549 1159.335247 1236.181655 1334.955617 1405.129668 1519.671401 1595.179194 1629.991947 1641.525264 1700.225854 1774.424512 1813.830575 2083.468603 2132.209514 2460.708017 3016.706199 3410.725458 3679.439883 3976.145463 4602.164325 4949.348100 5412.872902 5676.253778 9207.464657 11040.94480 12745.98585 13479.40924 14609.69781 23148.13483 30873.88141 74616.29223
      sorted:	 9.612086831 24.93247583 26.40861775 32.39113150 36.42000165 39.47841822 39.47841822 39.47841822 39.47841822 39.47841822 39.47841822 39.47841822 39.47841822 39.47841822 39.47841822 39.47841822 39.47841822 40.42047151 52.15591535 52.68792820 58.07132230 60.56589386 69.75479226 71.99648674 75.26200949 77.33847538 79.64221217 90.52465713 93.56984716 97.04499055 98.31314181 104.8484357 113.3347592 116.5020905 124.7357803 128.0054978 134.2883151 139.3125412 142.0691099 150.5160996 157.0402129 160.6969484 166.4999351 179.0580075 182.9392101 184.1054763 191.1496227 194.6299388 197.8273165 209.2389440 227.4149561 246.2222703 251.6200209 276.6640905 298.0884352 305.8973948 317.5308015 334.0305238 363.5872663 397.7766090 409.2364428 441.0434870 448.2487095 450.5025236 471.3480056 481.2420511 497.2626633 509.9830364 518.2958357 535.7073995 545.6835259 572.5405990 594.4312286 602.8601691 606.9559067 637.9137825 644.2864421 664.4630614 668.6866603 724.8478147 765.5871101 890.7972999 947.5759232 1060.710549 1159.335247 1236.181655 1334.955617 1405.129668 1519.671401 1595.179194 1629.991947 1641.525264 1700.225854 1774.424512 1813.830575 2083.468603 2132.209514 2460.708017 3016.706199 3410.725458 3679.439883 3976.145463 4602.164325 4949.348100 5412.872902 5676.253778 9207.464657 11040.94480 12745.98585 13479.40924 14609.69781 23148.13483 30873.88141 74616.29223
