    unsorted:	 88.82644002 88.82644002 88.82644002 88.82644002 88.82644002 88.82644002 88.82644002 88.82644002 88.82644002 88.82644002 88.82644002 88.82644002 80.51253576 81.41740634 82.19330055 82.86409541 83.46278950 79.47439448 84.02115199 84.55636255 78.34163850 77.28201975 76.38373607 85.37326290 75.08292930 73.47164939 71.65474705 69.68369739 70.37857298 67.66277131 66.60245651 65.70280991 63.75013388 64.34921913 61.86447855 61.74679916 60.18771210 59.25937263 59.09071008 58.87450124 87.60691968 56.23990702 91.73866490 53.04359953 50.95329746 97.42419563 98.70143503 101.7604107 103.2450013 46.60080485 45.44046473 106.0128739 114.4480868 118.4998412 32.42450601 127.1651739 25.11456911 21.68068682 135.8679848 142.1221368 12.10539993 7.483478521 0.1694716385 168.1373456 179.3205514 190.1759828 191.0575852 195.1862968 215.0621946 218.4056368 243.5326114 238.9777256 259.7380369 274.0442302 277.9774502 290.8024025 308.0314199 311.3659405 335.2321297 341.9440408 352.7654288 354.1658057 380.8834848 398.2094019 418.2895182 429.7443840 469.1234988 464.0029932 480.2807790 481.9262459 521.7306219 563.4555579 588.1491887 601.1815009 698.2696373 738.3141241 749.9752367 756.9593087 782.7346801 868.8542036 903.9102273 918.2182541 968.7172960 977.8248771 1018.103769 1072.344327 1086.210846 1142.339680 1156.175511 1258.514332 1348.518592 1407.742919 1492.925866 1700.126742 1797.766110 1848.754106 1915.626140 1995.420649 2077.211558 2137.164621 2281.976378 2600.095668 2769.183261 2933.421470 3088.843829 3146.113699 3487.426169 3652.263787 3682.654902 3935.301346 3998.312674 4076.179089 4259.303224 4794.273071 4955.671239 4970.824440 6142.607347 8011.020109 8530.569366 9460.067794 11705.24495 14361.68300 24349.22305 90999.86143
      sorted:	 0.1694716385 7.483478521 12.10539993 21.68068682 25.11456911 32.42450601 45.44046473 46.60080485 50.95329746 53.04359953 56.23990702 58.87450124 59.09071008 59.25937263 60.18771210 61.74679916 61.86447855 63.75013388 64.34921913 65.70280991 66.60245651 67.66277131 69.68369739 70.37857298 71.65474705 73.47164939 75.08292930 76.38373607 77.28201975 78.34163850 79.47439448 80.51253576 81.41740634 82.19330055 82.86409541 83.46278950 84.02115199 84.55636255 85.37326290 87.60691968 88.82644002 88.82644002 88.82644002 88.82644002 88.82644002 88.82644002 88.82644002 88.82644002 88.82644002 88.82644002 88.82644002 88.82644002 91.73866490 97.42419563 98.70143503 101.7604107 103.2450013 106.0128739 114.4480868 118.4998412 127.1651739 135.8679848 142.1221368 168.1373456 179.3205514 190.1759828 191.0575852 195.1862968 215.0621946 218.4056368 238.9777256 243.5326114 259.7380369 274.0442302 277.9774502 290.8024025 308.0314199 311.3659405 335.2321297 341.9440408 352.7654288 354.1658057 380.8834848 398.2094019 418.2895182 429.7443840 464.0029932 469.1234988 480.2807790 481.9262459 521.7306219 563.4555579 588.1491887 601.1815009 698.2696373 738.3141241 749.9752367 756.9593087 782.7346801 868.8542036 903.9102273 918.2182541 968.7172960 977.8248771 1018.103769 1072.344327 1086.210846 1142.339680 1156.175511 1258.514332 1348.518592 1407.742919 1492.925866 1700.126742 1797.766110 1848.754106 1915.626140 1995.420649 2077.211558 2137.164621 2281.976378 2600.095668 2769.183261 2933.421470 3088.843829 3146.113699 3487.426169 3652.263787 3682.654902 3935.301346 3998.312674 4076.179089 4259.303224 4794.273071 4955.671239 4970.824440 6142.607347 8011.020109 8530.569366 9460.067794 11705.24495 14361.68300 24349.22305 90999.86143
