    unsorted:	 88.82644002 88.82644002 88.82644002 88.82644002 88.82644002 88.82644002 88.82644002 88.82644002 88.82644002 88.82644002 88.82644002 88.82644002 82.19964294 81.41938227 82.88320063 83.49358335 84.05441633 80.52768707 84.58487693 79.57321302 78.85640337 78.02469654 85.51403416 76.79173446 75.86811832 75.04601993 73.47380725 71.65943421 70.38913715 69.69086690 67.67179853 87.67392756 65.72354346 64.78376156 63.76680380 61.90404128 61.78217575 60.21400507 59.12658103 59.29501927 58.91544223 56.27819275 91.76823850 53.43316087 52.42049210 50.97413753 98.49358111 101.8052332 101.2722968 103.2794164 45.45639530 42.85025154 114.4622208 118.4269887 30.63435665 126.5979333 21.71116863 135.9353118 7.468863410 3.280307570 0.1159551819 158.2074043 168.4842718 182.3473132 190.2214166 191.7619778 214.6866874 217.6726443 237.9682240 242.5368268 244.8372843 259.8093051 276.2654044 278.1651985 290.9101681 311.2172840 340.4673914 335.1615839 347.0099490 353.3651891 365.6000276 381.8746251 398.1649603 422.2688199 442.3250503 465.8553198 478.7340894 480.3872468 502.3657403 522.2244296 572.5267350 588.0560533 604.0389718 704.2496168 738.7000513 750.3568832 757.3201622 782.3731209 871.7464716 902.8704610 918.3121565 968.1493437 977.6892685 1017.973707 1075.586763 1085.664264 1141.725573 1155.124487 1259.115283 1347.577404 1407.645240 1491.027776 1696.813215 1782.551482 1799.232274 1851.619083 1917.438180 1995.679191 2081.428249 2137.111939 2282.399495 2601.660533 2779.102592 2944.425725 3102.089736 3148.515343 3487.193682 3655.491339 3685.979259 3935.667290 4049.086232 4078.966577 4388.437522 4797.395953 4966.353229 6144.920624 8003.388898 8525.273965 9418.802560 11687.75413 13938.46624 22390.95877 29077.30032 91836.74152
      sorted:	 0.1159551819 3.280307570 7.468863410 21.71116863 30.63435665 42.85025154 45.45639530 50.97413753 52.42049210 53.43316087 56.27819275 58.91544223 59.12658103 59.29501927 60.21400507 61.78217575 61.90404128 63.76680380 64.78376156 65.72354346 67.67179853 69.69086690 70.38913715 71.65943421 73.47380725 75.04601993 75.86811832 76.79173446 78.02469654 78.85640337 79.57321302 80.52768707 81.41938227 82.19964294 82.88320063 83.49358335 84.05441633 84.58487693 85.51403416 87.67392756 88.82644002 88.82644002 88.82644002 88.82644002 88.82644002 88.82644002 88.82644002 88.82644002 88.82644002 88.82644002 88.82644002 88.82644002 91.76823850 98.49358111 101.2722968 101.8052332 103.2794164 114.4622208 118.4269887 126.5979333 135.9353118 158.2074043 168.4842718 182.3473132 190.2214166 191.7619778 214.6866874 217.6726443 237.9682240 242.5368268 244.8372843 259.8093051 276.2654044 278.1651985 290.9101681 311.2172840 335.1615839 340.4673914 347.0099490 353.3651891 365.6000276 381.8746251 398.1649603 422.2688199 442.3250503 465.8553198 478.7340894 480.3872468 502.3657403 522.2244296 572.5267350 588.0560533 604.0389718 704.2496168 738.7000513 750.3568832 757.3201622 782.3731209 871.7464716 902.8704610 918.3121565 968.1493437 977.6892685 1017.973707 1075.586763 1085.664264 1141.725573 1155.124487 1259.115283 1347.577404 1407.645240 1491.027776 1696.813215 1782.551482 1799.232274 1851.619083 1917.438180 1995.679191 2081.428249 2137.111939 2282.399495 2601.660533 2779.102592 2944.425725 3102.089736 3148.515343 3487.193682 3655.491339 3685.979259 3935.667290 4049.086232 4078.966577 4388.437522 4797.395953 4966.353229 6144.920624 8003.388898 8525.273965 9418.802560 11687.75413 13938.46624 22390.95877 29077.30032 91836.74152
