    unsorted:	 61.68502800 61.68502800 61.68502800 61.68502800 61.68502800 61.68502800 61.68502800 61.68502800 61.68502800 61.68502800 61.68502800 61.68502800 61.68502800 61.68502800 0.004935300102 0.004128811130 0.008640889459 0.01374316997 0.03779264665 0.05781946468 0.06847264639 0.3085287861 5.563695661 16.53402834 24.33501996 28.36044914 32.34729689 58.01944183 46.63434910 66.91260105 66.32051537 89.79455537 98.79300073 103.4174462 133.1032481 142.6405657 162.8510143 179.8114856 207.4942928 226.0569144 244.9472817 259.3157409 271.1931119 336.8970085 389.9623524 393.0706261 408.3134172 413.2270750 427.6055404 456.7447605 472.3014902 512.8212026 521.2222492 547.4838096 623.4292667 655.7752457 699.7904540 740.9538436 777.6051907 814.0752200 826.8032915 925.0814089 926.1305162 999.2988599 1043.447049 1070.697473 1174.729602 1185.766057 1226.873890 1351.718510 1513.678589 1667.159653 2069.369536 2320.288239 2473.075489 2642.839787 2799.700300 3011.837745 3067.453908 3182.265753 3415.684902 3428.743381 3898.798917 5100.777037 5300.793507 5844.334416 6584.529309 7422.362793 9363.501300 15105.84806 17114.47106 21547.31344 23729.38526 35503.24081 36919.59957 46828.68289 108690.3125 148681.6487 645104.4372 49613483.99
      sorted:	 0.004128811130 0.004935300102 0.008640889459 0.01374316997 0.03779264665 0.05781946468 0.06847264639 0.3085287861 5.563695661 16.53402834 24.33501996 28.36044914 32.34729689 46.63434910 58.01944183 61.68502800 61.68502800 61.68502800 61.68502800 61.68502800 61.68502800 61.68502800 61.68502800 61.68502800 61.68502800 61.68502800 61.68502800 61.68502800 61.68502800 66.32051537 66.91260105 89.79455537 98.79300073 103.4174462 133.1032481 142.6405657 162.8510143 179.8114856 207.4942928 226.0569144 244.9472817 259.3157409 271.1931119 336.8970085 389.9623524 393.0706261 408.3134172 413.2270750 427.6055404 456.7447605 472.3014902 512.8212026 521.2222492 547.4838096 623.4292667 655.7752457 699.7904540 740.9538436 777.6051907 814.0752200 826.8032915 925.0814089 926.1305162 999.2988599 1043.447049 1070.697473 1174.729602 1185.766057 1226.873890 1351.718510 1513.678589 1667.159653 2069.369536 2320.288239 2473.075489 2642.839787 2799.700300 3011.837745 3067.453908 3182.265753 3415.684902 3428.743381 3898.798917 5100.777037 5300.793507 5844.334416 6584.529309 7422.362793 9363.501300 15105.84806 17114.47106 21547.31344 23729.38526 35503.24081 36919.59957 46828.68289 108690.3125 148681.6487 645104.4372 49613483.99
