    unsorted:	 39.47841822 39.47841822 39.47841822 39.47841822 39.47841822 39.47841822 39.47841822 39.47841822 39.47841822 39.47841822 39.47841822 39.47841822 99.49103645 98.71098582 100.2597507 85.70199271 86.12029625 90.23576165 83.45740344 109.6592889 112.4437263 114.7114377 118.1874968 79.34477534 74.46700129 72.20624762 68.38919966 67.35621359 125.4731732 130.8220870 133.6280773 138.4824004 58.07599773 142.3716638 52.35733687 49.88783897 151.4166220 159.9578548 164.1737335 40.60291777 173.4578177 34.09877218 181.4772600 28.46207047 28.23532393 22.19442869 192.7793832 200.8529862 207.0649767 208.7385149 8.755332893 227.2320389 243.7863322 252.2282141 270.5589395 306.7153397 321.0209364 334.8686686 339.8953280 363.4524948 389.4848400 427.6373323 424.2157817 443.7691967 448.9472421 465.6760416 477.0986031 496.8085517 498.8790207 520.4754542 527.5202835 543.2518789 551.6615407 560.5450898 575.9499331 593.3307882 626.9822293 639.1052878 683.0282192 750.3317842 885.5597900 939.0528780 1026.851235 1137.165701 1176.367555 1250.295573 1378.690609 1430.307802 1519.067076 1605.431894 1618.544947 1687.750467 1733.194462 1808.935552 2054.237249 2119.690839 2318.313247 3313.738921 3573.645956 3860.213874 4628.286968 4722.125077 4992.302530 5631.145471 9152.917448 11484.51433 12833.99706 13272.50635 14954.77350 22468.36877 28844.57195 76577.51003
      sorted:	 8.755332893 22.19442869 28.23532393 28.46207047 34.09877218 39.47841822 39.47841822 39.47841822 39.47841822 39.47841822 39.47841822 39.47841822 39.47841822 39.47841822 39.47841822 39.47841822 39.47841822 40.60291777 49.88783897 52.35733687 58.07599773 67.35621359 68.38919966 72.20624762 74.46700129 79.34477534 83.45740344 85.70199271 86.12029625 90.23576165 98.71098582 99.49103645 100.2597507 109.6592889 112.4437263 114.7114377 118.1874968 125.4731732 130.8220870 133.6280773 138.4824004 142.3716638 151.4166220 159.9578548 164.1737335 173.4578177 181.4772600 192.7793832 200.8529862 207.0649767 208.7385149 227.2320389 243.7863322 252.2282141 270.5589395 306.7153397 321.0209364 334.8686686 339.8953280 363.4524948 389.4848400 424.2157817 427.6373323 443.7691967 448.9472421 465.6760416 477.0986031 496.8085517 498.8790207 520.4754542 527.5202835 543.2518789 551.6615407 560.5450898 575.9499331 593.3307882 626.9822293 639.1052878 683.0282192 750.3317842 885.5597900 939.0528780 1026.851235 1137.165701 1176.367555 1250.295573 1378.690609 1430.307802 1519.067076 1605.431894 1618.544947 1687.750467 1733.194462 1808.935552 2054.237249 2119.690839 2318.313247 3313.738921 3573.645956 3860.213874 4628.286968 4722.125077 4992.302530 5631.145471 9152.917448 11484.51433 12833.99706 13272.50635 14954.77350 22468.36877 28844.57195 76577.51003
