    unsorted:	 88.82644002 88.82644002 88.82644002 88.82644002 88.82644002 88.82644002 88.82644002 88.82644002 88.82644002 88.82644002 88.82644002 88.82644002 76.42836929 76.46558943 77.41067475 77.55869474 77.88106548 78.41287945 79.14059348 75.17772123 79.95847821 74.16727457 73.48826201 72.99014581 71.51685610 71.33186804 80.78120339 81.56544676 69.85513243 82.40872239 68.62653266 67.26639502 65.68523798 64.77043056 64.41093611 63.40860866 62.74489658 62.54160609 62.04236599 88.35491682 89.57864321 93.54519332 96.13041047 96.95638597 52.75092045 51.11053038 103.7345543 110.1404867 117.4276062 119.9712910 122.2001239 38.37502060 36.65715793 36.48425760 29.75192913 135.6214101 145.3292672 149.7790784 12.21033539 11.33600557 10.13920938 160.8178259 0.05899156637 171.9889084 178.9844727 194.8028973 204.0402688 216.6792751 246.2690998 260.4247930 265.1781045 288.2701785 292.1592838 320.3593609 339.1319259 340.8463595 354.3444133 351.7646252 363.4837008 369.8154514 383.4006208 416.6593773 430.2808189 454.4802400 468.2084813 492.4676317 511.2862696 522.9419545 559.3950087 561.7826276 587.5667752 604.0398410 611.2195806 620.5693237 635.7674166 721.7745995 766.1997641 788.2157761 822.5816147 896.9747673 932.4165361 963.7096118 971.1363192 1021.698812 1051.885307 1195.841542 1164.798951 1210.393103 1376.365822 1428.568684 1460.902861 1491.419782 1606.448818 1700.519921 1732.164940 1780.690708 1964.519206 2174.445780 2213.921845 2309.866800 2565.219745 2799.102244 2838.203895 3178.110711 3372.327375 3441.407868 3897.885402 3985.765406 4064.787904 4130.487279 4416.826230 4579.815290 4992.209123 6514.262219 6870.100993 7384.874797 7817.355274 8735.239676 10124.27296 15189.48027 28127.02313 28874.84069 162936.7153
      sorted:	 0.05899156637 10.13920938 11.33600557 12.21033539 29.75192913 36.48425760 36.65715793 38.37502060 51.11053038 52.75092045 62.04236599 62.54160609 62.74489658 63.40860866 64.41093611 64.77043056 65.68523798 67.26639502 68.62653266 69.85513243 71.33186804 71.51685610 72.99014581 73.48826201 74.16727457 75.17772123 76.42836929 76.46558943 77.41067475 77.55869474 77.88106548 78.41287945 79.14059348 79.95847821 80.78120339 81.56544676 82.40872239 88.35491682 88.82644002 88.82644002 88.82644002 88.82644002 88.82644002 88.82644002 88.82644002 88.82644002 88.82644002 88.82644002 88.82644002 88.82644002 89.57864321 93.54519332 96.13041047 96.95638597 103.7345543 110.1404867 117.4276062 119.9712910 122.2001239 135.6214101 145.3292672 149.7790784 160.8178259 171.9889084 178.9844727 194.8028973 204.0402688 216.6792751 246.2690998 260.4247930 265.1781045 288.2701785 292.1592838 320.3593609 339.1319259 340.8463595 351.7646252 354.3444133 363.4837008 369.8154514 383.4006208 416.6593773 430.2808189 454.4802400 468.2084813 492.4676317 511.2862696 522.9419545 559.3950087 561.7826276 587.5667752 604.0398410 611.2195806 620.5693237 635.7674166 721.7745995 766.1997641 788.2157761 822.5816147 896.9747673 932.4165361 963.7096118 971.1363192 1021.698812 1051.885307 1164.798951 1195.841542 1210.393103 1376.365822 1428.568684 1460.902861 1491.419782 1606.448818 1700.519921 1732.164940 1780.690708 1964.519206 2174.445780 2213.921845 2309.866800 2565.219745 2799.102244 2838.203895 3178.110711 3372.327375 3441.407868 3897.885402 3985.765406 4064.787904 4130.487279 4416.826230 4579.815290 4992.209123 6514.262219 6870.100993 7384.874797 7817.355274 8735.239676 10124.27296 15189.48027 28127.02313 28874.84069 162936.7153
