    unsorted:	 88.82644002 88.82644002 88.82644002 88.82644002 88.82644002 88.82644002 88.82644002 88.82644002 88.82644002 88.82644002 88.82644002 88.82644002 80.10067706 80.92278365 81.19807736 81.82716847 79.05957552 82.56125254 83.25585577 77.87876441 83.90095769 76.87961617 75.93703606 84.49821911 74.40734579 85.22344140 72.58360057 72.49368333 70.49281073 69.87500905 68.17985997 66.85429435 65.76202621 65.12607488 63.42044977 62.10429585 61.09569443 58.76706350 90.50932933 90.72584027 55.40904692 55.46856219 55.18489154 55.09141375 56.72687500 57.32063322 53.14082407 49.52692099 47.80009582 97.61850118 98.61303470 101.7459738 104.6206368 41.90848340 115.8073431 118.3082845 33.25725968 28.70213225 129.2551713 137.4377395 145.6915796 10.00796285 167.5129318 179.4765665 187.3221560 190.8728677 212.8777311 213.8985651 221.1336601 243.7865179 241.4372167 262.4074945 267.7195070 283.0868870 290.0068344 295.4356492 313.4050669 338.5007605 350.5943073 364.0290411 369.6784633 387.9151896 402.4754176 419.6831205 442.7980213 451.9319797 472.7945592 479.5147077 483.6916150 500.7557384 524.9961354 529.1825898 577.3270281 594.5330159 587.9024335 647.0612160 668.8116966 693.1697854 709.7346413 719.4912976 739.7556350 763.4502159 797.6654900 879.6248618 916.9169322 972.9554471 1033.949617 1088.853862 1114.325661 1136.339354 1219.782103 1299.012835 1377.795097 1423.087909 1432.252154 1439.957633 1564.662708 1657.749048 1739.408002 1895.323066 2007.553155 2058.563801 2075.182896 2104.790543 2251.516737 2636.889802 2693.849534 2844.172373 3154.613424 3211.818008 3516.636991 3584.922314 3934.274580 4099.617467 4149.426318 4343.185387 4434.929982 4747.295126 5155.606700 5439.197992 8429.924195 9499.362378 11352.48931 11690.30372 13168.08282 14795.03371 15749.03138 23252.10856 29919.43789 72602.99038
      sorted:	 10.00796285 28.70213225 33.25725968 41.90848340 47.80009582 49.52692099 53.14082407 55.09141375 55.18489154 55.40904692 55.46856219 56.72687500 57.32063322 58.76706350 61.09569443 62.10429585 63.42044977 65.12607488 65.76202621 66.85429435 68.17985997 69.87500905 70.49281073 72.49368333 72.58360057 74.40734579 75.93703606 76.87961617 77.87876441 79.05957552 80.10067706 80.92278365 81.19807736 81.82716847 82.56125254 83.25585577 83.90095769 84.49821911 85.22344140 88.82644002 88.82644002 88.82644002 88.82644002 88.82644002 88.82644002 88.82644002 88.82644002 88.82644002 88.82644002 88.82644002 88.82644002 90.50932933 90.72584027 97.61850118 98.61303470 101.7459738 104.6206368 115.8073431 118.3082845 129.2551713 137.4377395 145.6915796 167.5129318 179.4765665 187.3221560 190.8728677 212.8777311 213.8985651 221.1336601 241.4372167 243.7865179 262.4074945 267.7195070 283.0868870 290.0068344 295.4356492 313.4050669 338.5007605 350.5943073 364.0290411 369.6784633 387.9151896 402.4754176 419.6831205 442.7980213 451.9319797 472.7945592 479.5147077 483.6916150 500.7557384 524.9961354 529.1825898 577.3270281 587.9024335 594.5330159 647.0612160 668.8116966 693.1697854 709.7346413 719.4912976 739.7556350 763.4502159 797.6654900 879.6248618 916.9169322 972.9554471 1033.949617 1088.853862 1114.325661 1136.339354 1219.782103 1299.012835 1377.795097 1423.087909 1432.252154 1439.957633 1564.662708 1657.749048 1739.408002 1895.323066 2007.553155 2058.563801 2075.182896 2104.790543 2251.516737 2636.889802 2693.849534 2844.172373 3154.613424 3211.818008 3516.636991 3584.922314 3934.274580 4099.617467 4149.426318 4343.185387 4434.929982 4747.295126 5155.606700 5439.197992 8429.924195 9499.362378 11352.48931 11690.30372 13168.08282 14795.03371 15749.03138 23252.10856 29919.43789 72602.99038
