    unsorted:	 61.68502800 61.68502800 61.68502800 61.68502800 61.68502800 61.68502800 61.68502800 61.68502800 61.68502800 61.68502800 61.68502800 61.68502800 54.69747809 54.41281148 55.40351580 56.10974295 53.68261888 56.75135219 57.33691890 52.67488787 58.05452662 58.43584782 58.59358514 51.50626006 51.75248248 50.17173865 48.64677020 46.92765409 45.06576191 43.19719135 41.38217219 39.62250044 39.41147604 38.94240940 38.01729130 36.51733403 36.61405749 36.90305267 34.82332602 33.52596665 32.09020718 68.17357402 69.18333049 70.42713179 30.67448191 75.70538096 77.12840026 79.29854750 81.36961785 26.09824731 86.18520953 23.44942016 90.86240644 92.78526464 95.97314203 9.815960696 115.9541727 130.9814591 132.9581544 135.6787295 144.5211676 149.7174939 158.9735027 163.8610339 167.2312102 170.0078505 177.7358267 181.1961258 195.1482208 201.4517293 204.0713235 212.8371223 216.3200395 233.3097164 244.5173224 260.2899538 274.2502266 293.0014854 307.9303363 321.8402880 330.3394183 332.5356516 335.7543868 362.2371890 377.8746704 404.0315975 430.6724500 459.8692960 474.7298087 494.5728026 510.9685421 524.4424539 537.6854883 567.6132740 578.9422527 582.3090800 604.3103379 616.3668361 641.2983251 661.8782006 708.1645550 722.3112672 756.5590006 782.1823612 788.6245889 838.0329016 939.4006236 973.1722620 1002.139522 1000.327607 1159.491632 1357.737123 1396.904731 1470.304082 1542.959781 1579.234035 1664.619214 1772.615120 1811.048124 1870.870000 1961.778686 2005.272110 2413.043688 2438.333333 2496.216077 2722.710845 2871.660593 3257.746561 3503.993087 3831.142477 3940.453191 4374.125230 4875.766267 5518.286624 5896.141190 8496.301444 9193.805189 11157.31394 12984.39897 13753.28863 15320.20926 22778.43530 29772.44162 64663.62000
      sorted:	 9.815960696 23.44942016 26.09824731 30.67448191 32.09020718 33.52596665 34.82332602 36.51733403 36.61405749 36.90305267 38.01729130 38.94240940 39.41147604 39.62250044 41.38217219 43.19719135 45.06576191 46.92765409 48.64677020 50.17173865 51.50626006 51.75248248 52.67488787 53.68261888 54.41281148 54.69747809 55.40351580 56.10974295 56.75135219 57.33691890 58.05452662 58.43584782 58.59358514 61.68502800 61.68502800 61.68502800 61.68502800 61.68502800 61.68502800 61.68502800 61.68502800 61.68502800 61.68502800 61.68502800 61.68502800 68.17357402 69.18333049 70.42713179 75.70538096 77.12840026 79.29854750 81.36961785 86.18520953 90.86240644 92.78526464 95.97314203 115.9541727 130.9814591 132.9581544 135.6787295 144.5211676 149.7174939 158.9735027 163.8610339 167.2312102 170.0078505 177.7358267 181.1961258 195.1482208 201.4517293 204.0713235 212.8371223 216.3200395 233.3097164 244.5173224 260.2899538 274.2502266 293.0014854 307.9303363 321.8402880 330.3394183 332.5356516 335.7543868 362.2371890 377.8746704 404.0315975 430.6724500 459.8692960 474.7298087 494.5728026 510.9685421 524.4424539 537.6854883 567.6132740 578.9422527 582.3090800 604.3103379 616.3668361 641.2983251 661.8782006 708.1645550 722.3112672 756.5590006 782.1823612 788.6245889 838.0329016 939.4006236 973.1722620 1000.327607 1002.139522 1159.491632 1357.737123 1396.904731 1470.304082 1542.959781 1579.234035 1664.619214 1772.615120 1811.048124 1870.870000 1961.778686 2005.272110 2413.043688 2438.333333 2496.216077 2722.710845 2871.660593 3257.746561 3503.993087 3831.142477 3940.453191 4374.125230 4875.766267 5518.286624 5896.141190 8496.301444 9193.805189 11157.31394 12984.39897 13753.28863 15320.20926 22778.43530 29772.44162 64663.62000
