    unsorted:	 39.47841822 39.47841822 39.47841822 39.47841822 39.47841822 39.47841822 39.47841822 39.47841822 39.47841822 39.47841822 39.47841822 39.47841822 97.36477682 96.18005866 100.9888228 104.8973750 93.05010435 108.5109391 112.4912773 113.9216041 89.31316987 88.78484181 120.3163491 122.0753810 81.79538708 131.3099108 132.0618187 143.1779687 145.8062050 149.9601631 150.9359085 70.91491515 67.52422939 61.83159140 61.12996724 59.71603637 55.55740161 161.8796569 169.3961443 171.7362484 176.4180211 181.5705273 185.4231419 40.01225304 42.04940494 36.72207144 193.8020156 30.97108237 206.0288115 208.2386914 12.25047521 10.88049491 6.836892009 0.02242029166 0.6698392857 237.2043078 245.1332061 269.4272064 276.7130735 289.7645753 318.8485466 329.5129679 343.7768289 355.7322029 356.7763430 363.5386148 410.3189248 441.5917329 428.4905231 452.8197154 468.9808459 485.3430939 497.3483979 506.9799272 525.4528711 531.5299429 542.9194619 564.6605758 571.9543794 588.5590904 593.7657982 655.5667858 665.5900924 688.1199237 692.0485107 707.1485314 733.0409676 744.6109254 784.4832706 802.4716675 819.4230856 886.5365754 932.8909010 994.9314014 1123.755378 1205.976777 1299.805049 1341.775013 1333.392857 1403.964382 1470.175783 1506.458328 1575.694300 1626.701716 1701.179527 1766.469914 1827.565883 1913.609654 2131.334775 2162.894395 2209.181580 2271.536788 2328.298292 2515.762292 2701.504781 2768.801873 2942.189792 3119.445309 3221.202814 3326.127538 3541.661634 3830.796888 4065.994990 4143.420723 4633.909082 4945.290888 5452.656254 5724.471518 5752.933594 6977.684479 7085.996192 8010.009464 8368.803311 8861.882329 10951.10737 11225.86914 11974.08070 12613.07477 13387.43860 15491.71698 15862.80694 16434.26556 17089.94472 17078.27526 17310.26108 17910.55865 19242.68884 20457.10669 23043.63934 25372.81326 26541.70196 27489.76112 29078.85004 32950.27189 36607.55187 40419.42661 57497.84797 59330.53223 64489.93011 112447.8203 270267.4246
      sorted:	 0.02242029166 0.6698392857 6.836892009 10.88049491 12.25047521 30.97108237 36.72207144 39.47841822 39.47841822 39.47841822 39.47841822 39.47841822 39.47841822 39.47841822 39.47841822 39.47841822 39.47841822 39.47841822 39.47841822 40.01225304 42.04940494 55.55740161 59.71603637 61.12996724 61.83159140 67.52422939 70.91491515 81.79538708 88.78484181 89.31316987 93.05010435 96.18005866 97.36477682 100.9888228 104.8973750 108.5109391 112.4912773 113.9216041 120.3163491 122.0753810 131.3099108 132.0618187 143.1779687 145.8062050 149.9601631 150.9359085 161.8796569 169.3961443 171.7362484 176.4180211 181.5705273 185.4231419 193.8020156 206.0288115 208.2386914 237.2043078 245.1332061 269.4272064 276.7130735 289.7645753 318.8485466 329.5129679 343.7768289 355.7322029 356.7763430 363.5386148 410.3189248 428.4905231 441.5917329 452.8197154 468.9808459 485.3430939 497.3483979 506.9799272 525.4528711 531.5299429 542.9194619 564.6605758 571.9543794 588.5590904 593.7657982 655.5667858 665.5900924 688.1199237 692.0485107 707.1485314 733.0409676 744.6109254 784.4832706 802.4716675 819.4230856 886.5365754 932.8909010 994.9314014 1123.755378 1205.976777 1299.805049 1333.392857 1341.775013 1403.964382 1470.175783 1506.458328 1575.694300 1626.701716 1701.179527 1766.469914 1827.565883 1913.609654 2131.334775 2162.894395 2209.181580 2271.536788 2328.298292 2515.762292 2701.504781 2768.801873 2942.189792 3119.445309 3221.202814 3326.127538 3541.661634 3830.796888 4065.994990 4143.420723 4633.909082 4945.290888 5452.656254 5724.471518 5752.933594 6977.684479 7085.996192 8010.009464 8368.803311 8861.882329 10951.10737 11225.86914 11974.08070 12613.07477 13387.43860 15491.71698 15862.80694 16434.26556 17078.27526 17089.94472 17310.26108 17910.55865 19242.68884 20457.10669 23043.63934 25372.81326 26541.70196 27489.76112 29078.85004 32950.27189 36607.55187 40419.42661 57497.84797 59330.53223 64489.93011 112447.8203 270267.4246
