    unsorted:	 39.47841822 39.47841822 39.47841822 39.47841822 39.47841822 39.47841822 39.47841822 39.47841822 39.47841822 39.47841822 39.47841822 39.47841822 98.81448087 97.76409822 95.60506305 105.2967600 113.9265528 116.5480126 91.00964318 123.8598922 128.6709219 130.9743183 134.8026715 138.7163676 143.5532743 153.7210014 158.3775401 78.26877015 77.00655916 70.74914432 72.63486555 166.9321286 179.1969848 184.4988109 185.8467048 190.7269115 196.1657389 205.8588806 217.4175913 61.67724972 53.60048457 221.5624867 231.0035519 39.62685761 41.19859631 33.45490618 26.90378882 22.97079393 246.3480933 259.7148599 4.561106028 294.9238205 297.1510114 301.1351926 314.8233502 339.6171063 357.2449742 365.2689480 383.4801107 411.7548214 417.2749056 440.9924537 465.1575941 477.3893360 490.1051521 502.7495919 513.4230303 520.2875108 568.4050214 589.5323287 603.9892704 621.1443370 637.4288305 664.4945361 661.4716024 714.4504074 756.7177733 883.0584041 949.5564343 1058.638512 1157.060736 1230.786357 1343.627898 1436.343946 1517.442027 1597.980712 1640.942021 1694.778769 1751.259428 1851.360579 1878.437854 2082.457099 2457.822753 3044.842207 3501.824712 3706.656173 3917.290417 4500.241152 5487.186255 5575.754381 6309.466466 9111.524882 11179.66842 13218.00667 13572.07437 14061.37814 22792.49539 30537.82454 78445.89626
      sorted:	 4.561106028 22.97079393 26.90378882 33.45490618 39.47841822 39.47841822 39.47841822 39.47841822 39.47841822 39.47841822 39.47841822 39.47841822 39.47841822 39.47841822 39.47841822 39.47841822 39.62685761 41.19859631 53.60048457 61.67724972 70.74914432 72.63486555 77.00655916 78.26877015 91.00964318 95.60506305 97.76409822 98.81448087 105.2967600 113.9265528 116.5480126 123.8598922 128.6709219 130.9743183 134.8026715 138.7163676 143.5532743 153.7210014 158.3775401 166.9321286 179.1969848 184.4988109 185.8467048 190.7269115 196.1657389 205.8588806 217.4175913 221.5624867 231.0035519 246.3480933 259.7148599 294.9238205 297.1510114 301.1351926 314.8233502 339.6171063 357.2449742 365.2689480 383.4801107 411.7548214 417.2749056 440.9924537 465.1575941 477.3893360 490.1051521 502.7495919 513.4230303 520.2875108 568.4050214 589.5323287 603.9892704 621.1443370 637.4288305 661.4716024 664.4945361 714.4504074 756.7177733 883.0584041 949.5564343 1058.638512 1157.060736 1230.786357 1343.627898 1436.343946 1517.442027 1597.980712 1640.942021 1694.778769 1751.259428 1851.360579 1878.437854 2082.457099 2457.822753 3044.842207 3501.824712 3706.656173 3917.290417 4500.241152 5487.186255 5575.754381 6309.466466 9111.524882 11179.66842 13218.00667 13572.07437 14061.37814 22792.49539 30537.82454 78445.89626
