    unsorted:	 39.47841822 39.47841822 39.47841822 39.47841822 39.47841822 39.47841822 39.47841822 39.47841822 39.47841822 39.47841822 39.47841822 39.47841822 93.24922790 92.05992646 90.80558171 98.12443110 100.9916387 84.13788395 82.50500470 104.7707069 78.62441322 74.66488155 110.0978834 114.3868233 71.96469695 70.83957118 68.04085020 117.5289135 123.7297942 126.0115562 58.92701133 53.75604632 52.62163122 133.2505040 134.7046068 139.7120808 146.2130559 39.51442146 42.06690539 152.5485658 158.6983190 32.10836466 29.68829887 166.3547098 176.0628436 23.67640027 185.8186067 194.0661690 16.52654987 205.1455328 208.8038704 209.3499685 9.758616158 237.5587034 246.2277436 275.9593920 312.3810035 321.1529812 330.4894672 335.5775377 364.8487891 380.7734384 409.0556679 423.5563074 443.2389133 449.7703176 465.3325795 479.6083516 486.3853643 495.0423240 506.9617564 523.8920597 535.1402688 546.6997137 573.3128269 578.6483314 596.2484916 620.6142986 639.1758427 648.8298504 692.5726993 765.2467956 883.2452956 968.9552404 1010.127372 1144.676088 1174.875211 1245.791594 1298.241834 1403.013156 1498.631502 1564.234460 1659.125764 1672.305353 1717.723805 1815.057797 1941.368698 2014.121913 2105.877764 2926.073127 3288.869976 3648.364573 3913.183809 4427.110545 4882.481522 5455.973987 5641.846331 9063.806236 11755.30055 12791.31680 13595.37584 15186.70556 23153.11626 29768.53235 118179.1709
      sorted:	 9.758616158 16.52654987 23.67640027 29.68829887 32.10836466 39.47841822 39.47841822 39.47841822 39.47841822 39.47841822 39.47841822 39.47841822 39.47841822 39.47841822 39.47841822 39.47841822 39.47841822 39.51442146 42.06690539 52.62163122 53.75604632 58.92701133 68.04085020 70.83957118 71.96469695 74.66488155 78.62441322 82.50500470 84.13788395 90.80558171 92.05992646 93.24922790 98.12443110 100.9916387 104.7707069 110.0978834 114.3868233 117.5289135 123.7297942 126.0115562 133.2505040 134.7046068 139.7120808 146.2130559 152.5485658 158.6983190 166.3547098 176.0628436 185.8186067 194.0661690 205.1455328 208.8038704 209.3499685 237.5587034 246.2277436 275.9593920 312.3810035 321.1529812 330.4894672 335.5775377 364.8487891 380.7734384 409.0556679 423.5563074 443.2389133 449.7703176 465.3325795 479.6083516 486.3853643 495.0423240 506.9617564 523.8920597 535.1402688 546.6997137 573.3128269 578.6483314 596.2484916 620.6142986 639.1758427 648.8298504 692.5726993 765.2467956 883.2452956 968.9552404 1010.127372 1144.676088 1174.875211 1245.791594 1298.241834 1403.013156 1498.631502 1564.234460 1659.125764 1672.305353 1717.723805 1815.057797 1941.368698 2014.121913 2105.877764 2926.073127 3288.869976 3648.364573 3913.183809 4427.110545 4882.481522 5455.973987 5641.846331 9063.806236 11755.30055 12791.31680 13595.37584 15186.70556 23153.11626 29768.53235 118179.1709
