    unsorted:	 61.68502800 61.68502800 61.68502800 61.68502800 61.68502800 61.68502800 61.68502800 61.68502800 61.68502800 61.68502800 61.68502800 61.68502800 54.73004490 54.37063481 55.44388213 56.15031532 53.70374691 56.79193525 57.37613793 57.88831062 58.08776674 58.51353818 52.71528910 51.55763445 50.22787359 49.64409852 48.70445194 46.98304755 45.11061177 43.21699238 41.37495622 39.59567539 38.94435018 38.31126211 37.97051051 36.46438443 36.38824662 36.82000726 34.65244800 33.48346742 32.15266579 30.49432036 68.04853470 69.09845700 70.52431057 25.90783470 75.39930954 76.98429350 78.94303502 81.18885640 22.59820333 85.79993238 90.67860063 92.44017324 96.25432288 10.86480226 9.933343473 0.2134453188 116.0308983 124.2066075 133.0446450 134.1946421 144.3228481 149.6730060 158.8476863 164.8795533 167.3023548 168.8534451 176.4488927 180.9394478 195.1618292 200.3257156 204.0680714 213.3499379 216.3658170 230.9936970 244.6057864 257.8061012 273.0275158 292.5745229 307.9136854 320.2222061 328.4336527 331.8494173 334.8541996 360.5640184 377.0643621 401.8963588 428.1559788 455.0416860 471.8519433 491.1738846 509.6986891 522.7343016 535.3658177 560.3319213 572.8829961 581.2885739 596.5532350 618.9384015 638.7953382 661.3939189 703.3862630 714.0082054 749.9343012 773.6040105 786.5123621 829.5743922 934.2357307 961.5770032 990.1823436 996.2858207 1147.522469 1160.578318 1354.080147 1388.350874 1470.164267 1539.449430 1574.595070 1668.440026 1770.195360 1802.410250 1861.292640 1964.790249 2016.137752 2400.454008 2420.140565 2494.069797 2707.288398 2847.654404 3242.465383 3493.958788 3833.899188 3945.850720 4364.118045 4887.065131 5533.015841 5873.000611 8466.534224 9199.446530 11122.67702 12916.70296 13583.72454 15630.80290 22960.78576 29956.03461 64177.06177
      sorted:	 0.2134453188 9.933343473 10.86480226 22.59820333 25.90783470 30.49432036 32.15266579 33.48346742 34.65244800 36.38824662 36.46438443 36.82000726 37.97051051 38.31126211 38.94435018 39.59567539 41.37495622 43.21699238 45.11061177 46.98304755 48.70445194 49.64409852 50.22787359 51.55763445 52.71528910 53.70374691 54.37063481 54.73004490 55.44388213 56.15031532 56.79193525 57.37613793 57.88831062 58.08776674 58.51353818 61.68502800 61.68502800 61.68502800 61.68502800 61.68502800 61.68502800 61.68502800 61.68502800 61.68502800 61.68502800 61.68502800 61.68502800 68.04853470 69.09845700 70.52431057 75.39930954 76.98429350 78.94303502 81.18885640 85.79993238 90.67860063 92.44017324 96.25432288 116.0308983 124.2066075 133.0446450 134.1946421 144.3228481 149.6730060 158.8476863 164.8795533 167.3023548 168.8534451 176.4488927 180.9394478 195.1618292 200.3257156 204.0680714 213.3499379 216.3658170 230.9936970 244.6057864 257.8061012 273.0275158 292.5745229 307.9136854 320.2222061 328.4336527 331.8494173 334.8541996 360.5640184 377.0643621 401.8963588 428.1559788 455.0416860 471.8519433 491.1738846 509.6986891 522.7343016 535.3658177 560.3319213 572.8829961 581.2885739 596.5532350 618.9384015 638.7953382 661.3939189 703.3862630 714.0082054 749.9343012 773.6040105 786.5123621 829.5743922 934.2357307 961.5770032 990.1823436 996.2858207 1147.522469 1160.578318 1354.080147 1388.350874 1470.164267 1539.449430 1574.595070 1668.440026 1770.195360 1802.410250 1861.292640 1964.790249 2016.137752 2400.454008 2420.140565 2494.069797 2707.288398 2847.654404 3242.465383 3493.958788 3833.899188 3945.850720 4364.118045 4887.065131 5533.015841 5873.000611 8466.534224 9199.446530 11122.67702 12916.70296 13583.72454 15630.80290 22960.78576 29956.03461 64177.06177
