    unsorted:	 88.82644002 88.82644002 88.82644002 88.82644002 88.82644002 88.82644002 88.82644002 88.82644002 88.82644002 88.82644002 88.82644002 88.82644002 80.51185331 81.41849081 82.19683356 82.86920273 83.46653657 79.47297124 84.02145979 84.55371224 78.34059549 77.28147854 76.38219569 85.37783043 75.08376135 73.47646812 71.66582847 69.70406495 70.46806425 67.69514303 66.39993515 65.74577146 64.55811267 63.80468676 61.91232987 61.77991365 59.36938331 59.20380584 60.27190164 58.99801255 87.60649858 56.36031126 91.74658279 53.07150511 94.47655000 51.07037427 98.52636983 101.7921265 103.2967630 45.56143056 105.8837059 43.04301230 114.4993636 118.5413488 32.16059397 127.2015654 23.50733876 21.64428989 135.9590762 7.479900656 3.338477928 0.02858466267 167.7534109 173.5650121 190.2378947 190.3801186 192.7242508 214.8406394 218.2722640 243.4380570 238.8692296 259.7445875 273.8434138 277.9409325 290.8286715 306.8340364 311.3308825 335.1952115 341.8508561 352.7892278 354.2637758 380.9771467 398.0349217 417.9538816 429.5211321 469.0133126 463.8098823 480.3373852 481.8388610 521.5508677 563.4438065 588.1833013 601.1179895 698.7419200 738.4864408 750.6419147 758.7015340 782.5054890 868.7909488 903.6406995 917.8400742 968.1868666 977.4088604 1017.316136 1071.687401 1085.803788 1141.815360 1154.949888 1258.608718 1347.561077 1407.538141 1490.926075 1690.605373 1778.893636 1798.762669 1851.026337 1913.142153 1993.512570 2079.819268 2137.151493 2282.517504 2600.027483 2768.321749 2931.803593 3085.432063 3144.579263 3485.312169 3650.299655 3681.389233 3936.804679 3997.673651 4075.764243 4257.163957 4793.261526 4946.422844 4967.229161 6142.209133 8004.460467 8525.678081 9448.162610 11686.60864 14335.48711 24331.63879 91146.35238
      sorted:	 0.02858466267 3.338477928 7.479900656 21.64428989 23.50733876 32.16059397 43.04301230 45.56143056 51.07037427 53.07150511 56.36031126 58.99801255 59.20380584 59.36938331 60.27190164 61.77991365 61.91232987 63.80468676 64.55811267 65.74577146 66.39993515 67.69514303 69.70406495 70.46806425 71.66582847 73.47646812 75.08376135 76.38219569 77.28147854 78.34059549 79.47297124 80.51185331 81.41849081 82.19683356 82.86920273 83.46653657 84.02145979 84.55371224 85.37783043 87.60649858 88.82644002 88.82644002 88.82644002 88.82644002 88.82644002 88.82644002 88.82644002 88.82644002 88.82644002 88.82644002 88.82644002 88.82644002 91.74658279 94.47655000 98.52636983 101.7921265 103.2967630 105.8837059 114.4993636 118.5413488 127.2015654 135.9590762 167.7534109 173.5650121 190.2378947 190.3801186 192.7242508 214.8406394 218.2722640 238.8692296 243.4380570 259.7445875 273.8434138 277.9409325 290.8286715 306.8340364 311.3308825 335.1952115 341.8508561 352.7892278 354.2637758 380.9771467 398.0349217 417.9538816 429.5211321 463.8098823 469.0133126 480.3373852 481.8388610 521.5508677 563.4438065 588.1833013 601.1179895 698.7419200 738.4864408 750.6419147 758.7015340 782.5054890 868.7909488 903.6406995 917.8400742 968.1868666 977.4088604 1017.316136 1071.687401 1085.803788 1141.815360 1154.949888 1258.608718 1347.561077 1407.538141 1490.926075 1690.605373 1778.893636 1798.762669 1851.026337 1913.142153 1993.512570 2079.819268 2137.151493 2282.517504 2600.027483 2768.321749 2931.803593 3085.432063 3144.579263 3485.312169 3650.299655 3681.389233 3936.804679 3997.673651 4075.764243 4257.163957 4793.261526 4946.422844 4967.229161 6142.209133 8004.460467 8525.678081 9448.162610 11686.60864 14335.48711 24331.63879 91146.35238
