    unsorted:	 39.47841822 39.47841822 39.47841822 39.47841822 39.47841822 39.47841822 39.47841822 39.47841822 39.47841822 39.47841822 39.47841822 39.47841822 91.94196948 92.22236113 96.69071936 98.70206695 86.70527860 105.2403024 107.2658011 110.8670587 114.2267145 77.78535267 79.65062015 74.92097540 71.56358972 70.59540750 122.6732665 124.9596763 130.1334799 132.8381076 135.5769789 137.3302643 60.32217117 58.98430385 51.97909385 54.46808428 145.1913784 153.3272199 156.9646630 40.00310284 41.00367551 32.94266254 167.1844297 176.8768535 27.17168137 25.25102264 184.8149424 192.4788458 207.7426900 210.2133414 217.4481960 225.5862463 9.682609001 247.1330406 263.8091735 309.5788209 322.1959844 341.7539514 346.2083915 366.4482316 402.3313168 396.8017501 427.3832833 450.9139728 455.8923247 469.1434917 476.9971462 485.8805868 497.7840730 512.4723224 531.7031098 547.0781185 571.5367658 584.6344248 594.3761181 618.8558778 639.1562906 649.2886230 660.8091750 705.9824803 753.5977755 902.9691975 935.5084203 1009.095021 1160.814052 1203.336039 1322.758075 1406.958139 1540.916878 1544.812475 1618.340136 1672.461362 1728.123207 1812.747968 1828.959677 2059.048427 2116.540729 2343.940838 3032.770845 3332.741533 3661.311431 3937.801681 4526.945107 4890.005863 5401.811822 5670.565408 9091.371490 11111.14554 12817.09055 13557.73749 15165.90999 22762.30250 29690.95167 76244.09963
      sorted:	 9.682609001 25.25102264 27.17168137 32.94266254 39.47841822 39.47841822 39.47841822 39.47841822 39.47841822 39.47841822 39.47841822 39.47841822 39.47841822 39.47841822 39.47841822 39.47841822 40.00310284 41.00367551 51.97909385 54.46808428 58.98430385 60.32217117 70.59540750 71.56358972 74.92097540 77.78535267 79.65062015 86.70527860 91.94196948 92.22236113 96.69071936 98.70206695 105.2403024 107.2658011 110.8670587 114.2267145 122.6732665 124.9596763 130.1334799 132.8381076 135.5769789 137.3302643 145.1913784 153.3272199 156.9646630 167.1844297 176.8768535 184.8149424 192.4788458 207.7426900 210.2133414 217.4481960 225.5862463 247.1330406 263.8091735 309.5788209 322.1959844 341.7539514 346.2083915 366.4482316 396.8017501 402.3313168 427.3832833 450.9139728 455.8923247 469.1434917 476.9971462 485.8805868 497.7840730 512.4723224 531.7031098 547.0781185 571.5367658 584.6344248 594.3761181 618.8558778 639.1562906 649.2886230 660.8091750 705.9824803 753.5977755 902.9691975 935.5084203 1009.095021 1160.814052 1203.336039 1322.758075 1406.958139 1540.916878 1544.812475 1618.340136 1672.461362 1728.123207 1812.747968 1828.959677 2059.048427 2116.540729 2343.940838 3032.770845 3332.741533 3661.311431 3937.801681 4526.945107 4890.005863 5401.811822 5670.565408 9091.371490 11111.14554 12817.09055 13557.73749 15165.90999 22762.30250 29690.95167 76244.09963
