    unsorted:	 88.82644002 88.82644002 88.82644002 88.82644002 88.82644002 88.82644002 88.82644002 88.82644002 88.82644002 88.82644002 88.82644002 88.82644002 73.32050680 73.43604659 73.54742466 73.69160252 73.81556489 74.13160329 74.77635502 72.49179821 75.57612970 76.42130818 77.24722537 78.03080043 78.78584762 79.52186996 80.23346676 80.90623087 81.53444225 82.11027193 82.63582969 83.11977830 83.56953122 83.99305660 70.89370536 70.74458089 85.10297352 68.88717299 66.18149933 63.43407639 92.37747347 91.97265786 62.56862963 94.60714463 59.79088721 58.34101111 59.05240412 97.68864084 55.96100127 102.8894893 109.4122982 111.2252140 122.1431049 125.2814499 128.0826603 36.52855600 139.8272497 143.8226813 21.85578012 13.81816873 14.15780066 6.322832060 173.2792447 191.0600421 197.4060382 199.4690364 219.2548707 220.3380546 231.6712974 243.0333818 259.7220055 261.9257446 294.0343244 292.4018826 300.7089637 329.4405692 337.3054433 345.6646842 354.5979508 371.2347097 383.8321598 402.5775233 409.8602783 423.9873458 449.6534881 461.4394487 467.9479432 480.2822574 510.8241264 522.6490439 579.2716790 591.4937247 614.4935960 665.8843077 696.3552365 736.5000640 722.2408908 777.1162571 809.1879963 864.3872071 918.1104887 945.7779161 968.8750672 1009.890821 1054.231096 1086.706347 1142.730918 1156.398178 1206.338798 1254.280480 1291.574010 1390.826017 1476.304578 1667.039804 1715.094584 1803.634844 1860.310243 1913.008576 2029.663415 2086.219655 2148.287961 2289.398161 2593.773586 2776.554441 2948.179071 3053.351327 3180.584618 3594.252093 3624.192606 3960.910947 4032.933599 4214.779395 4583.355368 4736.551556 5674.989955 6629.224425 8256.497297 8560.632563 10887.03080 12450.59213 13655.68905 14908.43090 22468.59099 28841.40126 142938.6642
      sorted:	 6.322832060 13.81816873 14.15780066 21.85578012 36.52855600 55.96100127 58.34101111 59.05240412 59.79088721 62.56862963 63.43407639 66.18149933 68.88717299 70.74458089 70.89370536 72.49179821 73.32050680 73.43604659 73.54742466 73.69160252 73.81556489 74.13160329 74.77635502 75.57612970 76.42130818 77.24722537 78.03080043 78.78584762 79.52186996 80.23346676 80.90623087 81.53444225 82.11027193 82.63582969 83.11977830 83.56953122 83.99305660 85.10297352 88.82644002 88.82644002 88.82644002 88.82644002 88.82644002 88.82644002 88.82644002 88.82644002 88.82644002 88.82644002 88.82644002 88.82644002 91.97265786 92.37747347 94.60714463 97.68864084 102.8894893 109.4122982 111.2252140 122.1431049 125.2814499 128.0826603 139.8272497 143.8226813 173.2792447 191.0600421 197.4060382 199.4690364 219.2548707 220.3380546 231.6712974 243.0333818 259.7220055 261.9257446 292.4018826 294.0343244 300.7089637 329.4405692 337.3054433 345.6646842 354.5979508 371.2347097 383.8321598 402.5775233 409.8602783 423.9873458 449.6534881 461.4394487 467.9479432 480.2822574 510.8241264 522.6490439 579.2716790 591.4937247 614.4935960 665.8843077 696.3552365 722.2408908 736.5000640 777.1162571 809.1879963 864.3872071 918.1104887 945.7779161 968.8750672 1009.890821 1054.231096 1086.706347 1142.730918 1156.398178 1206.338798 1254.280480 1291.574010 1390.826017 1476.304578 1667.039804 1715.094584 1803.634844 1860.310243 1913.008576 2029.663415 2086.219655 2148.287961 2289.398161 2593.773586 2776.554441 2948.179071 3053.351327 3180.584618 3594.252093 3624.192606 3960.910947 4032.933599 4214.779395 4583.355368 4736.551556 5674.989955 6629.224425 8256.497297 8560.632563 10887.03080 12450.59213 13655.68905 14908.43090 22468.59099 28841.40126 142938.6642
