    unsorted:	 88.82644002 88.82644002 88.82644002 88.82644002 88.82644002 88.82644002 88.82644002 88.82644002 88.82644002 88.82644002 88.82644002 88.82644002 67.83926241 68.09668872 67.56866834 68.79306834 69.02117550 69.85695362 71.00398334 72.20953198 71.68592460 67.17220987 73.44717095 73.97954345 74.65820056 75.75887610 76.78212477 77.76527587 78.69973601 79.55434725 80.32770155 81.01850627 81.64188835 82.21344787 82.74029312 83.23001970 65.78996795 84.47577172 87.91357901 61.03963537 89.38668901 59.61335431 92.75507395 95.99014407 55.49166975 53.31813546 51.89216556 48.31030280 105.6017748 106.8259802 45.71095254 110.3651555 120.0192316 128.0901665 132.7836371 20.94378644 16.50416687 14.14212640 145.7751516 150.4255934 0.1057923856 0.2450173655 4.122982333 182.8571817 193.4226635 198.1917403 199.1962358 222.3387203 229.9994535 239.2913434 249.7357712 275.3917277 280.6191899 283.3347459 300.5722875 304.5136932 318.7051627 338.8837809 344.8606124 366.2495791 382.0242084 379.3317491 387.7530737 396.6173600 411.8785451 417.6017594 453.4213999 463.5103585 475.0054035 485.5061837 496.3337546 499.7117217 505.4260610 523.0699599 531.8016887 587.8252244 593.9304650 597.5972886 622.5118574 666.9927490 690.5322160 721.5157266 774.6874748 804.4330498 891.1793331 928.3334077 959.3836471 1027.709400 1074.736776 1103.042600 1139.854365 1175.669814 1231.694656 1363.075320 1385.801394 1514.873740 1573.925874 1641.232235 1851.739106 1936.901699 1972.611627 2035.460494 2158.146970 2371.705847 2626.795144 2757.446914 2794.077645 3097.969959 3176.349875 3243.657014 3385.752870 3433.850185 3589.165771 3759.401898 3991.909203 4072.818416 4159.069867 4378.996766 5044.461488 5633.905281 6558.156335 8878.664322 10843.86350 12473.51686 12923.07265 14366.53338 14588.82025 23047.88393 29629.65241 83289.04844
      sorted:	 0.1057923856 0.2450173655 4.122982333 14.14212640 16.50416687 20.94378644 45.71095254 48.31030280 51.89216556 53.31813546 55.49166975 59.61335431 61.03963537 65.78996795 67.17220987 67.56866834 67.83926241 68.09668872 68.79306834 69.02117550 69.85695362 71.00398334 71.68592460 72.20953198 73.44717095 73.97954345 74.65820056 75.75887610 76.78212477 77.76527587 78.69973601 79.55434725 80.32770155 81.01850627 81.64188835 82.21344787 82.74029312 83.23001970 84.47577172 87.91357901 88.82644002 88.82644002 88.82644002 88.82644002 88.82644002 88.82644002 88.82644002 88.82644002 88.82644002 88.82644002 88.82644002 88.82644002 89.38668901 92.75507395 95.99014407 105.6017748 106.8259802 110.3651555 120.0192316 128.0901665 132.7836371 145.7751516 150.4255934 182.8571817 193.4226635 198.1917403 199.1962358 222.3387203 229.9994535 239.2913434 249.7357712 275.3917277 280.6191899 283.3347459 300.5722875 304.5136932 318.7051627 338.8837809 344.8606124 366.2495791 379.3317491 382.0242084 387.7530737 396.6173600 411.8785451 417.6017594 453.4213999 463.5103585 475.0054035 485.5061837 496.3337546 499.7117217 505.4260610 523.0699599 531.8016887 587.8252244 593.9304650 597.5972886 622.5118574 666.9927490 690.5322160 721.5157266 774.6874748 804.4330498 891.1793331 928.3334077 959.3836471 1027.709400 1074.736776 1103.042600 1139.854365 1175.669814 1231.694656 1363.075320 1385.801394 1514.873740 1573.925874 1641.232235 1851.739106 1936.901699 1972.611627 2035.460494 2158.146970 2371.705847 2626.795144 2757.446914 2794.077645 3097.969959 3176.349875 3243.657014 3385.752870 3433.850185 3589.165771 3759.401898 3991.909203 4072.818416 4159.069867 4378.996766 5044.461488 5633.905281 6558.156335 8878.664322 10843.86350 12473.51686 12923.07265 14366.53338 14588.82025 23047.88393 29629.65241 83289.04844
