    unsorted:	 39.47841822 39.47841822 39.47841822 39.47841822 39.47841822 39.47841822 39.47841822 39.47841822 39.47841822 39.47841822 39.47841822 39.47841822 91.94237850 92.22576308 96.69065779 98.70197102 86.70618332 105.2402188 107.2656643 110.8672882 114.2279827 77.78543804 79.65930079 74.92607328 71.56359216 70.59603180 122.6737856 124.9599089 130.1334229 132.8386589 135.5768625 137.3301460 60.32231087 58.98437758 54.46784919 51.98106653 145.1907785 153.3306631 156.9677152 40.00471993 41.00047593 32.94306796 167.1860879 176.8773506 27.17335655 25.25098431 184.8148525 192.4791655 207.7425796 210.2134143 217.4484363 225.5865309 9.681613205 247.1342659 263.8104761 309.5785882 322.1958214 341.7543789 346.2084164 366.3658700 402.3266635 396.8019071 427.3817533 450.9116048 455.8913340 469.1415753 476.9960265 485.8831566 497.7848251 512.4734671 531.7044876 547.0864729 571.5367661 584.6280390 594.3655354 618.8473064 639.1562436 649.2883788 660.7987540 705.9744065 753.5958767 902.9682630 935.5081109 1009.095260 1160.814093 1203.335853 1322.755568 1406.954297 1540.915530 1544.814100 1618.336216 1672.460294 1728.112492 1812.747430 1828.950995 2059.048740 2116.561514 2343.940404 3032.752452 3332.694217 3661.301761 3937.802788 4526.938851 4889.976846 5401.806270 5670.554298 9091.371239 11111.14481 12817.08425 13557.71795 15165.90670 22762.31472 29690.99172 76243.85646
      sorted:	 9.681613205 25.25098431 27.17335655 32.94306796 39.47841822 39.47841822 39.47841822 39.47841822 39.47841822 39.47841822 39.47841822 39.47841822 39.47841822 39.47841822 39.47841822 39.47841822 40.00471993 41.00047593 51.98106653 54.46784919 58.98437758 60.32231087 70.59603180 71.56359216 74.92607328 77.78543804 79.65930079 86.70618332 91.94237850 92.22576308 96.69065779 98.70197102 105.2402188 107.2656643 110.8672882 114.2279827 122.6737856 124.9599089 130.1334229 132.8386589 135.5768625 137.3301460 145.1907785 153.3306631 156.9677152 167.1860879 176.8773506 184.8148525 192.4791655 207.7425796 210.2134143 217.4484363 225.5865309 247.1342659 263.8104761 309.5785882 322.1958214 341.7543789 346.2084164 366.3658700 396.8019071 402.3266635 427.3817533 450.9116048 455.8913340 469.1415753 476.9960265 485.8831566 497.7848251 512.4734671 531.7044876 547.0864729 571.5367661 584.6280390 594.3655354 618.8473064 639.1562436 649.2883788 660.7987540 705.9744065 753.5958767 902.9682630 935.5081109 1009.095260 1160.814093 1203.335853 1322.755568 1406.954297 1540.915530 1544.814100 1618.336216 1672.460294 1728.112492 1812.747430 1828.950995 2059.048740 2116.561514 2343.940404 3032.752452 3332.694217 3661.301761 3937.802788 4526.938851 4889.976846 5401.806270 5670.554298 9091.371239 11111.14481 12817.08425 13557.71795 15165.90670 22762.31472 29690.99172 76243.85646
