    unsorted:	 88.82644002 88.82644002 88.82644002 88.82644002 88.82644002 88.82644002 88.82644002 88.82644002 88.82644002 88.82644002 88.82644002 88.82644002 60.28178217 60.33913140 60.57292066 61.12138784 61.39747544 62.53268352 62.94214489 64.31599789 66.19764295 66.07540097 67.98499287 69.85203365 70.76186208 71.70864823 73.45152147 75.01116778 76.24067965 77.10828110 78.21670144 79.36877186 80.42429341 81.35166554 82.15622335 82.85553643 83.46179153 83.99170940 84.48625304 85.31745151 57.93115800 57.74535099 56.84583499 87.10323057 52.60074183 52.74722564 91.58485950 47.25943927 97.55503860 98.15071651 101.7100101 103.6443039 36.86416092 114.6990353 118.1197419 126.6315273 21.71542328 135.3770663 140.4990290 14.11229172 6.409129842 167.6598703 188.5675399 191.7036837 213.7908101 216.7601370 241.5983691 235.6005036 244.7675619 258.6893573 276.5276393 277.2679969 288.9390756 309.9686783 329.4149404 335.4783658 341.1852257 353.3855241 371.0482638 382.5303543 397.5742893 412.4155563 421.7941961 441.6391366 464.5873613 476.8437487 480.7815215 509.3169115 523.8690434 580.6002986 584.8237571 605.6889269 678.8383206 705.8801072 741.4476114 748.4968112 784.4489475 801.0381962 884.0264846 921.3891887 968.6180789 956.9127466 1006.958490 1072.646075 1091.998854 1144.162718 1153.972061 1246.531597 1294.232994 1352.455414 1397.479241 1497.772964 1700.673350 1680.060225 1803.868790 1852.718215 1931.836833 2004.533609 2053.435931 2140.583864 2301.692954 2590.133180 2804.882938 3019.306328 3140.955233 3418.226908 3609.572938 3714.341639 3935.216387 4071.886542 4145.977844 4752.231380 4896.634474 5719.892050 7957.829452 8484.548454 9058.745858 11335.61032 11886.21933 13836.27876 15330.02240 22367.29640 28865.29580 93634.79962
      sorted:	 6.409129842 14.11229172 21.71542328 36.86416092 47.25943927 52.60074183 52.74722564 56.84583499 57.74535099 57.93115800 60.28178217 60.33913140 60.57292066 61.12138784 61.39747544 62.53268352 62.94214489 64.31599789 66.07540097 66.19764295 67.98499287 69.85203365 70.76186208 71.70864823 73.45152147 75.01116778 76.24067965 77.10828110 78.21670144 79.36877186 80.42429341 81.35166554 82.15622335 82.85553643 83.46179153 83.99170940 84.48625304 85.31745151 87.10323057 88.82644002 88.82644002 88.82644002 88.82644002 88.82644002 88.82644002 88.82644002 88.82644002 88.82644002 88.82644002 88.82644002 88.82644002 91.58485950 97.55503860 98.15071651 101.7100101 103.6443039 114.6990353 118.1197419 126.6315273 135.3770663 140.4990290 167.6598703 188.5675399 191.7036837 213.7908101 216.7601370 235.6005036 241.5983691 244.7675619 258.6893573 276.5276393 277.2679969 288.9390756 309.9686783 329.4149404 335.4783658 341.1852257 353.3855241 371.0482638 382.5303543 397.5742893 412.4155563 421.7941961 441.6391366 464.5873613 476.8437487 480.7815215 509.3169115 523.8690434 580.6002986 584.8237571 605.6889269 678.8383206 705.8801072 741.4476114 748.4968112 784.4489475 801.0381962 884.0264846 921.3891887 956.9127466 968.6180789 1006.958490 1072.646075 1091.998854 1144.162718 1153.972061 1246.531597 1294.232994 1352.455414 1397.479241 1497.772964 1680.060225 1700.673350 1803.868790 1852.718215 1931.836833 2004.533609 2053.435931 2140.583864 2301.692954 2590.133180 2804.882938 3019.306328 3140.955233 3418.226908 3609.572938 3714.341639 3935.216387 4071.886542 4145.977844 4752.231380 4896.634474 5719.892050 7957.829452 8484.548454 9058.745858 11335.61032 11886.21933 13836.27876 15330.02240 22367.29640 28865.29580 93634.79962
