    unsorted:	 39.47841822 39.47841822 39.47841822 39.47841822 39.47841822 39.47841822 39.47841822 39.47841822 39.47841822 39.47841822 39.47841822 39.47841822 149.9443282 153.0251124 153.9678249 146.2313073 176.9835742 180.5747576 170.2277230 196.4151698 200.9437537 205.5301546 207.8676165 211.8698160 217.7686765 222.1213693 224.7553698 128.5070437 133.6291385 123.7258567 121.2018585 114.2573991 106.5970206 99.15098240 244.2076697 82.06479234 83.97516499 72.53527540 75.62516577 63.77051009 259.6659851 265.6579445 278.9040577 48.48007265 37.84136648 31.91399761 25.93119679 25.15362380 311.1252927 318.7405445 345.0310103 356.3858622 372.5774546 383.8621257 400.1482272 395.2466145 421.8014445 455.3302502 494.2778914 484.9431998 504.9467668 518.0858291 511.6165501 528.9990346 576.8297798 589.6368092 603.9267787 624.7131922 650.0893174 666.0155028 668.5290662 705.7274600 757.2870654 879.5457927 945.7090130 1055.488451 1159.134377 1220.314352 1311.658717 1435.253556 1502.436604 1573.059172 1644.439232 1686.312888 1743.237447 1790.581641 1826.104278 1987.297155 2396.610110 2922.082526 3409.356801 3621.240359 3996.999907 4382.043218 5390.696596 5480.422606 6180.108013 8852.763596 11013.91818 13157.88673 13228.71665 12946.86039 14003.22913 22408.44167 30160.72259 90914.94166
      sorted:	 25.15362380 25.93119679 31.91399761 37.84136648 39.47841822 39.47841822 39.47841822 39.47841822 39.47841822 39.47841822 39.47841822 39.47841822 39.47841822 39.47841822 39.47841822 39.47841822 48.48007265 63.77051009 72.53527540 75.62516577 82.06479234 83.97516499 99.15098240 106.5970206 114.2573991 121.2018585 123.7258567 128.5070437 133.6291385 146.2313073 149.9443282 153.0251124 153.9678249 170.2277230 176.9835742 180.5747576 196.4151698 200.9437537 205.5301546 207.8676165 211.8698160 217.7686765 222.1213693 224.7553698 244.2076697 259.6659851 265.6579445 278.9040577 311.1252927 318.7405445 345.0310103 356.3858622 372.5774546 383.8621257 395.2466145 400.1482272 421.8014445 455.3302502 484.9431998 494.2778914 504.9467668 511.6165501 518.0858291 528.9990346 576.8297798 589.6368092 603.9267787 624.7131922 650.0893174 666.0155028 668.5290662 705.7274600 757.2870654 879.5457927 945.7090130 1055.488451 1159.134377 1220.314352 1311.658717 1435.253556 1502.436604 1573.059172 1644.439232 1686.312888 1743.237447 1790.581641 1826.104278 1987.297155 2396.610110 2922.082526 3409.356801 3621.240359 3996.999907 4382.043218 5390.696596 5480.422606 6180.108013 8852.763596 11013.91818 12946.86039 13157.88673 13228.71665 14003.22913 22408.44167 30160.72259 90914.94166
