    unsorted:	 88.82644002 88.82644002 88.82644002 88.82644002 88.82644002 88.82644002 88.82644002 88.82644002 88.82644002 88.82644002 88.82644002 88.82644002 71.97943979 72.17982985 72.38755334 71.81834124 72.75195793 71.36927103 73.44688100 73.95061311 74.63493050 75.53891540 76.44339086 77.30289542 70.50318453 70.35070388 78.12789466 78.93201608 79.71192093 80.44643947 81.12907799 81.75206765 82.31840040 82.83822676 83.32035327 83.77414671 68.07582258 84.88144477 65.55468924 88.91239349 62.87405659 61.67859594 90.93597423 91.46033299 59.21987847 58.59602690 57.97049147 94.88419989 54.00245654 102.1446596 108.9511795 110.2479815 121.1484172 124.0939491 125.4110470 38.12346294 135.7001143 143.5302590 13.52343802 10.13660981 8.669987467 173.0841334 190.1433412 194.6657997 201.8640338 221.1643908 219.6483661 229.6468920 240.6610796 257.1272600 259.6462696 277.0866445 286.1619631 291.8486588 294.7815557 302.4910990 337.3323049 345.8219841 353.9092681 377.7478743 383.7945007 400.2767076 402.7211244 445.1093991 454.7601338 457.5181870 466.8387135 478.8310349 488.8241193 523.7154381 554.0740142 574.4048896 590.3123552 638.7764733 675.1658613 695.0026737 716.1119265 720.9413614 771.1805484 790.9496300 855.9071694 912.4286297 954.3899840 1019.511098 1041.843643 1077.708370 1106.340132 1177.354080 1220.172819 1257.459959 1321.686329 1366.939133 1390.581259 1640.120163 1658.724106 1690.046578 1821.266573 1934.106106 2011.897101 2088.072753 2162.299796 2558.637001 2633.203117 2727.277282 2950.015712 3119.046783 3163.778211 3457.855874 3709.841708 3894.813753 4067.026737 4299.229032 4464.526915 4597.844490 5211.596040 6789.988789 9026.890813 10827.42414 12459.53466 13497.47752 14912.16516 23123.58478 29121.58180 137964.2378
      sorted:	 8.669987467 10.13660981 13.52343802 38.12346294 54.00245654 57.97049147 58.59602690 59.21987847 61.67859594 62.87405659 65.55468924 68.07582258 70.35070388 70.50318453 71.36927103 71.81834124 71.97943979 72.17982985 72.38755334 72.75195793 73.44688100 73.95061311 74.63493050 75.53891540 76.44339086 77.30289542 78.12789466 78.93201608 79.71192093 80.44643947 81.12907799 81.75206765 82.31840040 82.83822676 83.32035327 83.77414671 84.88144477 88.82644002 88.82644002 88.82644002 88.82644002 88.82644002 88.82644002 88.82644002 88.82644002 88.82644002 88.82644002 88.82644002 88.82644002 88.91239349 90.93597423 91.46033299 94.88419989 102.1446596 108.9511795 110.2479815 121.1484172 124.0939491 125.4110470 135.7001143 143.5302590 173.0841334 190.1433412 194.6657997 201.8640338 219.6483661 221.1643908 229.6468920 240.6610796 257.1272600 259.6462696 277.0866445 286.1619631 291.8486588 294.7815557 302.4910990 337.3323049 345.8219841 353.9092681 377.7478743 383.7945007 400.2767076 402.7211244 445.1093991 454.7601338 457.5181870 466.8387135 478.8310349 488.8241193 523.7154381 554.0740142 574.4048896 590.3123552 638.7764733 675.1658613 695.0026737 716.1119265 720.9413614 771.1805484 790.9496300 855.9071694 912.4286297 954.3899840 1019.511098 1041.843643 1077.708370 1106.340132 1177.354080 1220.172819 1257.459959 1321.686329 1366.939133 1390.581259 1640.120163 1658.724106 1690.046578 1821.266573 1934.106106 2011.897101 2088.072753 2162.299796 2558.637001 2633.203117 2727.277282 2950.015712 3119.046783 3163.778211 3457.855874 3709.841708 3894.813753 4067.026737 4299.229032 4464.526915 4597.844490 5211.596040 6789.988789 9026.890813 10827.42414 12459.53466 13497.47752 14912.16516 23123.58478 29121.58180 137964.2378
