    unsorted:	 39.47841822 39.47841822 39.47841822 39.47841822 39.47841822 39.47841822 39.47841822 39.47841822 39.47841822 39.47841822 39.47841822 39.47841822 223.1948415 225.9903401 226.8210239 218.3263152 214.9462828 207.7767977 208.5073456 234.2203229 197.2568350 176.0308197 183.9150607 161.6635382 159.2933547 155.1963666 150.0553055 138.3674788 134.8493130 126.8719969 125.8178993 120.5144881 114.3934726 102.1990508 100.8271218 94.10993283 250.5643326 80.22922806 76.05838165 71.28342002 70.39568224 54.40827536 52.17741766 280.1550283 37.05092235 292.0293293 302.5180880 25.82771510 24.61849187 344.9013709 357.9427571 360.5320393 370.0543665 387.3987100 393.2710464 411.4242806 4.807536756 436.3614538 443.1374133 475.6916684 493.8431290 498.5718855 506.6443821 518.9327403 546.8081830 561.6411934 568.8935871 605.4411461 638.5930564 655.9727840 751.9837922 737.2305466 765.2168107 787.4272945 802.8006607 861.5674243 1002.821836 1129.044940 1273.506711 1394.669722 1427.951251 1487.248866 1513.232723 1611.212767 1701.579552 1733.582136 1819.770322 1834.624223 1982.605094 2134.185033 2738.370469 2999.377390 3454.386861 3737.834033 3867.929606 4386.802870 5475.901724 5945.940491 6551.794670 8872.143238 10745.66737 12592.54285 12907.65140 13135.76873 13621.32915 21903.46801 33410.36812 81130.70710
      sorted:	 4.807536756 24.61849187 25.82771510 37.05092235 39.47841822 39.47841822 39.47841822 39.47841822 39.47841822 39.47841822 39.47841822 39.47841822 39.47841822 39.47841822 39.47841822 39.47841822 52.17741766 54.40827536 70.39568224 71.28342002 76.05838165 80.22922806 94.10993283 100.8271218 102.1990508 114.3934726 120.5144881 125.8178993 126.8719969 134.8493130 138.3674788 150.0553055 155.1963666 159.2933547 161.6635382 176.0308197 183.9150607 197.2568350 207.7767977 208.5073456 214.9462828 218.3263152 223.1948415 225.9903401 226.8210239 234.2203229 250.5643326 280.1550283 292.0293293 302.5180880 344.9013709 357.9427571 360.5320393 370.0543665 387.3987100 393.2710464 411.4242806 436.3614538 443.1374133 475.6916684 493.8431290 498.5718855 506.6443821 518.9327403 546.8081830 561.6411934 568.8935871 605.4411461 638.5930564 655.9727840 737.2305466 751.9837922 765.2168107 787.4272945 802.8006607 861.5674243 1002.821836 1129.044940 1273.506711 1394.669722 1427.951251 1487.248866 1513.232723 1611.212767 1701.579552 1733.582136 1819.770322 1834.624223 1982.605094 2134.185033 2738.370469 2999.377390 3454.386861 3737.834033 3867.929606 4386.802870 5475.901724 5945.940491 6551.794670 8872.143238 10745.66737 12592.54285 12907.65140 13135.76873 13621.32915 21903.46801 33410.36812 81130.70710
