    unsorted:	 88.82644002 88.82644002 88.82644002 88.82644002 88.82644002 88.82644002 88.82644002 88.82644002 88.82644002 88.82644002 88.82644002 88.82644002 75.40388501 66.96530675 67.25138750 67.40346396 66.02508384 69.18591507 65.03288423 63.91439699 63.07730683 62.93249332 63.32378235 62.17772495 61.72787257 71.04415690 70.83682903 72.65345216 74.08154619 76.42345844 77.37952342 78.54179008 79.66421303 80.67148969 81.56103588 82.34910500 82.70768916 83.08028022 83.72397976 84.36364616 88.85368856 89.51280833 56.69637686 92.27873380 55.34352181 49.92485693 101.1966962 103.0622542 103.3877494 106.2767591 108.0691924 42.80397818 115.2783776 122.0303737 33.03285508 127.6465804 27.40266937 21.68625837 140.0578005 141.4132897 12.97201524 12.00160771 172.0153285 176.3809495 187.9757695 187.0740734 193.4725025 205.1980231 214.8560760 228.6605555 241.4116058 243.2965566 263.8479789 272.8290031 278.2055772 298.4943077 311.9110798 333.3021346 346.1362641 352.6621120 358.5861088 384.5671019 406.0086739 418.5996496 430.0183721 468.7490186 473.3339080 481.6987463 487.6343166 521.2611843 561.8443302 589.3105214 603.4033239 702.2207456 717.1200538 738.6790109 769.4287330 781.5606717 867.3991827 930.3175545 922.2139223 964.9469435 974.6817420 1014.050953 1084.970003 1094.104331 1137.542551 1153.370556 1290.486327 1338.162337 1435.935824 1476.993623 1693.820704 1799.114283 1837.263185 1894.973973 2034.655137 2092.138773 2157.105118 2274.260955 2643.741263 2731.364104 2913.079340 3047.214919 3089.257587 3403.013150 3592.430149 3696.841260 3959.073818 4010.069350 4093.823486 4219.313612 4826.260458 4906.747136 5068.515927 6257.600212 7941.196018 8399.549965 8615.859307 10195.54413 13812.07080 24501.48933 97059.66137
      sorted:	 12.00160771 12.97201524 21.68625837 27.40266937 33.03285508 42.80397818 49.92485693 55.34352181 56.69637686 61.72787257 62.17772495 62.93249332 63.07730683 63.32378235 63.91439699 65.03288423 66.02508384 66.96530675 67.25138750 67.40346396 69.18591507 70.83682903 71.04415690 72.65345216 74.08154619 75.40388501 76.42345844 77.37952342 78.54179008 79.66421303 80.67148969 81.56103588 82.34910500 82.70768916 83.08028022 83.72397976 84.36364616 88.82644002 88.82644002 88.82644002 88.82644002 88.82644002 88.82644002 88.82644002 88.82644002 88.82644002 88.82644002 88.82644002 88.82644002 88.85368856 89.51280833 92.27873380 101.1966962 103.0622542 103.3877494 106.2767591 108.0691924 115.2783776 122.0303737 127.6465804 140.0578005 141.4132897 172.0153285 176.3809495 187.0740734 187.9757695 193.4725025 205.1980231 214.8560760 228.6605555 241.4116058 243.2965566 263.8479789 272.8290031 278.2055772 298.4943077 311.9110798 333.3021346 346.1362641 352.6621120 358.5861088 384.5671019 406.0086739 418.5996496 430.0183721 468.7490186 473.3339080 481.6987463 487.6343166 521.2611843 561.8443302 589.3105214 603.4033239 702.2207456 717.1200538 738.6790109 769.4287330 781.5606717 867.3991827 922.2139223 930.3175545 964.9469435 974.6817420 1014.050953 1084.970003 1094.104331 1137.542551 1153.370556 1290.486327 1338.162337 1435.935824 1476.993623 1693.820704 1799.114283 1837.263185 1894.973973 2034.655137 2092.138773 2157.105118 2274.260955 2643.741263 2731.364104 2913.079340 3047.214919 3089.257587 3403.013150 3592.430149 3696.841260 3959.073818 4010.069350 4093.823486 4219.313612 4826.260458 4906.747136 5068.515927 6257.600212 7941.196018 8399.549965 8615.859307 10195.54413 13812.07080 24501.48933 97059.66137
