    unsorted:	 39.47841822 39.47841822 39.47841822 39.47841822 39.47841822 39.47841822 39.47841822 39.47841822 39.47841822 39.47841822 39.47841822 39.47841822 97.17261605 97.87482554 92.26704483 107.4977826 104.4362847 110.4619435 113.9125326 90.26822244 86.27249354 121.5347427 123.6823287 127.1609450 130.6748061 133.3307347 136.9733553 140.8369799 76.95469626 71.09648246 67.63417488 65.17748275 60.01176702 52.87092232 40.16789490 41.73604920 42.00912932 38.72634439 35.00669010 154.5512694 157.6113884 28.62120543 176.3882107 186.9272667 192.9322568 204.7145656 209.0584786 216.3185597 9.369036894 8.165798736 225.7821608 229.4843494 2.243729801 0.002023634540 256.6667953 296.1357746 303.8430148 315.3321919 334.2481940 346.3496871 370.2591497 366.5990868 401.5572260 415.6685728 434.4720266 446.6785515 460.8257003 472.4203693 491.3113119 495.4193931 500.2932977 516.4635392 524.0423920 561.8558209 592.1889737 616.7234455 643.5242074 640.3639391 647.5442862 739.0911598 768.0557538 896.5440442 946.7095409 1024.908099 1166.235775 1220.426747 1321.482933 1399.044997 1523.810897 1587.356711 1665.311269 1660.613590 1799.088067 1908.336367 2093.183739 2151.395511 2549.687412 3037.242724 3340.197212 3682.851422 3796.556591 4527.758129 5217.911974 5816.546293 6031.838976 8850.219752 11518.40309 13284.62320 13576.04279 25637.03784 38473.24844 105432.2549
      sorted:	 0.002023634540 2.243729801 8.165798736 9.369036894 28.62120543 35.00669010 38.72634439 39.47841822 39.47841822 39.47841822 39.47841822 39.47841822 39.47841822 39.47841822 39.47841822 39.47841822 39.47841822 39.47841822 39.47841822 40.16789490 41.73604920 42.00912932 52.87092232 60.01176702 65.17748275 67.63417488 71.09648246 76.95469626 86.27249354 90.26822244 92.26704483 97.17261605 97.87482554 104.4362847 107.4977826 110.4619435 113.9125326 121.5347427 123.6823287 127.1609450 130.6748061 133.3307347 136.9733553 140.8369799 154.5512694 157.6113884 176.3882107 186.9272667 192.9322568 204.7145656 209.0584786 216.3185597 225.7821608 229.4843494 256.6667953 296.1357746 303.8430148 315.3321919 334.2481940 346.3496871 366.5990868 370.2591497 401.5572260 415.6685728 434.4720266 446.6785515 460.8257003 472.4203693 491.3113119 495.4193931 500.2932977 516.4635392 524.0423920 561.8558209 592.1889737 616.7234455 640.3639391 643.5242074 647.5442862 739.0911598 768.0557538 896.5440442 946.7095409 1024.908099 1166.235775 1220.426747 1321.482933 1399.044997 1523.810897 1587.356711 1660.613590 1665.311269 1799.088067 1908.336367 2093.183739 2151.395511 2549.687412 3037.242724 3340.197212 3682.851422 3796.556591 4527.758129 5217.911974 5816.546293 6031.838976 8850.219752 11518.40309 13284.62320 13576.04279 25637.03784 38473.24844 105432.2549
