    unsorted:	 88.82644002 88.82644002 88.82644002 88.82644002 88.82644002 88.82644002 88.82644002 88.82644002 88.82644002 88.82644002 88.82644002 88.82644002 83.38700340 84.04914869 84.47559978 84.92427800 85.44109309 82.69242477 82.32524426 85.92589577 81.41034362 86.60572101 80.22762957 78.86187029 77.39102028 75.85753154 74.11710855 90.11183841 91.03981084 72.58140130 71.61469248 68.97859254 65.75687581 62.21820643 62.31512811 59.78613291 58.58929879 54.97485191 96.50887641 53.86967394 51.53852614 50.74763460 49.49986492 48.06412408 46.93535945 44.98867250 45.61081310 44.61835741 99.85928577 41.14831910 105.7270316 112.8427850 31.27231467 118.9655744 27.73058220 127.3769969 133.1045629 13.27660585 153.5858306 159.7575833 187.5784747 182.0660020 202.8663059 213.0520375 229.2028610 245.9518096 255.5322451 266.2784241 279.4519100 292.8381125 299.9987501 310.6060988 321.1011365 338.9222858 352.4507032 362.9629546 368.4680719 389.4707849 396.0370703 431.8435278 443.2787848 446.0976218 450.3099650 472.5301258 497.8162485 500.3606873 509.4092919 526.9376673 549.7157378 595.8707783 603.0248720 610.8514637 658.1803683 662.5988632 694.4019957 753.3568088 789.9942461 816.1026403 851.7340129 907.1661503 942.2511799 952.9115762 981.7914786 1039.985110 1075.647658 1117.104114 1249.102407 1303.706139 1317.913332 1459.491816 1490.387614 1554.308097 1770.865723 1885.350570 1977.587673 2010.926330 2368.131067 2422.345974 2506.888923 2772.224346 3007.496792 3092.214411 3130.007159 3221.408621 3300.013981 3494.721322 3594.171073 3742.324280 3805.793310 3838.333408 4405.340354 4569.851741 5245.062704 6561.144972 6721.985559 7727.277203 9150.547309 10594.75745 11943.47575 13181.46753 14379.90049 17189.05717 17778.54405 22707.08970 31697.54315 40209.80638
      sorted:	 13.27660585 27.73058220 31.27231467 41.14831910 44.61835741 44.98867250 45.61081310 46.93535945 48.06412408 49.49986492 50.74763460 51.53852614 53.86967394 54.97485191 58.58929879 59.78613291 62.21820643 62.31512811 65.75687581 68.97859254 71.61469248 72.58140130 74.11710855 75.85753154 77.39102028 78.86187029 80.22762957 81.41034362 82.32524426 82.69242477 83.38700340 84.04914869 84.47559978 84.92427800 85.44109309 85.92589577 86.60572101 88.82644002 88.82644002 88.82644002 88.82644002 88.82644002 88.82644002 88.82644002 88.82644002 88.82644002 88.82644002 88.82644002 88.82644002 90.11183841 91.03981084 96.50887641 99.85928577 105.7270316 112.8427850 118.9655744 127.3769969 133.1045629 153.5858306 159.7575833 182.0660020 187.5784747 202.8663059 213.0520375 229.2028610 245.9518096 255.5322451 266.2784241 279.4519100 292.8381125 299.9987501 310.6060988 321.1011365 338.9222858 352.4507032 362.9629546 368.4680719 389.4707849 396.0370703 431.8435278 443.2787848 446.0976218 450.3099650 472.5301258 497.8162485 500.3606873 509.4092919 526.9376673 549.7157378 595.8707783 603.0248720 610.8514637 658.1803683 662.5988632 694.4019957 753.3568088 789.9942461 816.1026403 851.7340129 907.1661503 942.2511799 952.9115762 981.7914786 1039.985110 1075.647658 1117.104114 1249.102407 1303.706139 1317.913332 1459.491816 1490.387614 1554.308097 1770.865723 1885.350570 1977.587673 2010.926330 2368.131067 2422.345974 2506.888923 2772.224346 3007.496792 3092.214411 3130.007159 3221.408621 3300.013981 3494.721322 3594.171073 3742.324280 3805.793310 3838.333408 4405.340354 4569.851741 5245.062704 6561.144972 6721.985559 7727.277203 9150.547309 10594.75745 11943.47575 13181.46753 14379.90049 17189.05717 17778.54405 22707.08970 31697.54315 40209.80638
