    unsorted:	 0.2110422665 8.184991585 15.84615963 27.48412654 85.55359642 156.9898058 199.1383537 264.6135490 293.7762999 395.4588778 525.0666849 567.3540902 818.6564630 1304.288340 1588.285766 2197.903802 2515.448936 3250.948484 3833.137644 4667.446957 9864.299700 24690.48061 110433.0559
      sorted:	 0.2110422665 8.184991585 15.84615963 27.48412654 85.55359642 156.9898058 199.1383537 264.6135490 293.7762999 395.4588778 525.0666849 567.3540902 818.6564630 1304.288340 1588.285766 2197.903802 2515.448936 3250.948484 3833.137644 4667.446957 9864.299700 24690.48061 110433.0559
