    unsorted:	 61.68502800 61.68502800 61.68502800 61.68502800 61.68502800 61.68502800 61.68502800 61.68502800 61.68502800 61.68502800 61.68502800 61.68502800 61.68502800 61.68502800 0.004935280229 0.004132354048 0.008561952312 0.01375199224 0.03777350537 0.05778780430 0.07077337876 0.3085686306 5.563630556 24.38338215 16.53974363 28.40323338 32.35472862 46.69087436 58.03148040 66.83788751 66.20215114 89.79974762 98.79395905 103.4260761 133.1197592 142.6670069 162.8718718 179.8363444 207.5121854 226.0671575 244.9344545 259.4510012 271.2145229 336.9328278 389.9981506 393.1322935 408.3738592 413.3336941 427.6305826 457.1811762 472.4488427 512.9705345 521.6024136 547.5154989 623.5944413 655.8833226 700.0587051 741.0005901 777.6309400 814.0839641 826.7887220 925.1067156 926.1233289 999.3138580 1043.510157 1070.748010 1174.743120 1185.839689 1226.880398 1351.781812 1513.675515 1667.063158 2068.786440 2320.194359 2473.115594 2642.907785 2799.778102 3011.797678 3067.511220 3182.301388 3416.028612 3429.302374 3898.859262 5100.762295 5300.443121 5844.624678 6584.201401 7422.283489 9362.305533 14710.45115 16990.54190 21479.94155 23727.70498 35378.48148 36872.52501 46831.68588 108690.8449 148683.3159 645372.7952 51432305.09
      sorted:	 0.004132354048 0.004935280229 0.008561952312 0.01375199224 0.03777350537 0.05778780430 0.07077337876 0.3085686306 5.563630556 16.53974363 24.38338215 28.40323338 32.35472862 46.69087436 58.03148040 61.68502800 61.68502800 61.68502800 61.68502800 61.68502800 61.68502800 61.68502800 61.68502800 61.68502800 61.68502800 61.68502800 61.68502800 61.68502800 61.68502800 66.20215114 66.83788751 89.79974762 98.79395905 103.4260761 133.1197592 142.6670069 162.8718718 179.8363444 207.5121854 226.0671575 244.9344545 259.4510012 271.2145229 336.9328278 389.9981506 393.1322935 408.3738592 413.3336941 427.6305826 457.1811762 472.4488427 512.9705345 521.6024136 547.5154989 623.5944413 655.8833226 700.0587051 741.0005901 777.6309400 814.0839641 826.7887220 925.1067156 926.1233289 999.3138580 1043.510157 1070.748010 1174.743120 1185.839689 1226.880398 1351.781812 1513.675515 1667.063158 2068.786440 2320.194359 2473.115594 2642.907785 2799.778102 3011.797678 3067.511220 3182.301388 3416.028612 3429.302374 3898.859262 5100.762295 5300.443121 5844.624678 6584.201401 7422.283489 9362.305533 14710.45115 16990.54190 21479.94155 23727.70498 35378.48148 36872.52501 46831.68588 108690.8449 148683.3159 645372.7952 51432305.09
