    unsorted:	 39.47841822 39.47841822 39.47841822 39.47841822 39.47841822 39.47841822 39.47841822 39.47841822 39.47841822 39.47841822 39.47841822 39.47841822 78.25769956 78.78880385 75.82491720 83.10346086 83.35277553 73.60857512 98.28377107 94.30911546 103.6718698 65.28502304 62.85158792 113.5439901 57.04188626 125.2438564 127.5039882 135.3403415 139.6608095 143.3366531 150.0433429 153.3032509 159.2048199 163.8845450 173.2995500 180.2225622 47.89197174 190.3614547 198.8809504 199.3989164 204.1215979 208.0122471 212.2553263 220.6349215 40.43334412 36.96689798 31.67116298 29.02884110 240.9778399 264.2623803 262.2656690 9.282345918 290.0448103 310.5774969 316.7874617 330.0911583 349.0873291 356.5489549 371.4959599 414.5724195 462.1957485 469.0514892 454.1166869 486.8669683 499.4934318 500.5573123 514.7025536 528.3070939 551.2517353 575.6876716 571.0326983 599.3358280 610.8232403 638.4013895 643.8430416 648.6053661 667.3892508 741.1502156 772.2046173 793.2604810 887.4410550 929.6426858 1046.836550 1145.119793 1219.612906 1301.877612 1352.312908 1494.408768 1591.078735 1623.774271 1639.285227 1723.564638 1779.576123 1893.403570 2007.240052 2098.917423 2391.589871 2882.501657 3384.594706 3587.393793 4028.863396 4552.805971 4857.146399 5270.098670 5554.677214 9044.519466 10951.87212 12675.48521 13198.79410 13607.56635 14316.93370 23003.13064 30680.38530 82746.20587
      sorted:	 9.282345918 29.02884110 31.67116298 36.96689798 39.47841822 39.47841822 39.47841822 39.47841822 39.47841822 39.47841822 39.47841822 39.47841822 39.47841822 39.47841822 39.47841822 39.47841822 40.43334412 47.89197174 57.04188626 62.85158792 65.28502304 73.60857512 75.82491720 78.25769956 78.78880385 83.10346086 83.35277553 94.30911546 98.28377107 103.6718698 113.5439901 125.2438564 127.5039882 135.3403415 139.6608095 143.3366531 150.0433429 153.3032509 159.2048199 163.8845450 173.2995500 180.2225622 190.3614547 198.8809504 199.3989164 204.1215979 208.0122471 212.2553263 220.6349215 240.9778399 262.2656690 264.2623803 290.0448103 310.5774969 316.7874617 330.0911583 349.0873291 356.5489549 371.4959599 414.5724195 454.1166869 462.1957485 469.0514892 486.8669683 499.4934318 500.5573123 514.7025536 528.3070939 551.2517353 571.0326983 575.6876716 599.3358280 610.8232403 638.4013895 643.8430416 648.6053661 667.3892508 741.1502156 772.2046173 793.2604810 887.4410550 929.6426858 1046.836550 1145.119793 1219.612906 1301.877612 1352.312908 1494.408768 1591.078735 1623.774271 1639.285227 1723.564638 1779.576123 1893.403570 2007.240052 2098.917423 2391.589871 2882.501657 3384.594706 3587.393793 4028.863396 4552.805971 4857.146399 5270.098670 5554.677214 9044.519466 10951.87212 12675.48521 13198.79410 13607.56635 14316.93370 23003.13064 30680.38530 82746.20587
