    unsorted:	 138.7913123 138.7913123 138.7913123 138.7913123 138.7913123 138.7913123 138.7913123 138.7913123 138.7913123 138.7913123 138.7913123 138.7913123 124.9069262 124.2124468 123.0033858 125.7106443 121.7667108 120.0757134 127.2204612 118.0033366 115.5537879 112.6842283 109.3809996 105.7683162 101.8081097 102.4655897 99.28797853 99.10336571 96.01075884 94.99308499 92.68248303 91.12555098 89.65422786 88.76283272 84.60213752 81.17510238 80.40122207 137.2550216 137.8531954 76.52551853 73.39502901 72.70256867 70.25445650 68.46180056 69.33134462 145.1048620 152.5753776 154.3279691 158.1320288 55.97699866 173.0388865 177.3749367 47.09128465 189.8358464 36.56939662 219.5543820 218.5531853 22.96630906 247.5396571 268.3282135 276.6418163 280.9701163 4.904572414 304.8678847 311.5627054 322.5920357 333.8584195 337.9884514 365.1151328 392.7855955 396.6556362 413.0733899 419.7650381 421.1127674 434.8817595 442.5567962 480.7189504 497.3889916 504.6791967 534.2954883 547.1050910 567.4935802 576.2483741 582.8387484 617.8841921 631.2881634 644.3590014 703.5206559 712.0713577 746.9397142 823.8614783 841.8757597 874.9734904 908.1877970 947.0418269 1031.728746 1007.629784 1154.850416 1198.238741 1229.247503 1387.442209 1403.477395 1448.585749 1467.383797 1522.891679 1600.294338 1788.361797 1939.228231 2038.469048 2144.667299 2502.115933 2566.259430 2650.050232 2927.158891 3057.135194 3346.457303 3510.460913 3696.572756 3784.609322 3988.606928 4499.837847 5064.808693 5917.835082 6924.283808 7449.311824 8637.124075 9783.375698 11212.58676 12268.45314 14316.61153 15985.76619 29041.81681 32560.95705 54741.28885 66354.57098
      sorted:	 4.904572414 22.96630906 36.56939662 47.09128465 55.97699866 68.46180056 69.33134462 70.25445650 72.70256867 73.39502901 76.52551853 80.40122207 81.17510238 84.60213752 88.76283272 89.65422786 91.12555098 92.68248303 94.99308499 96.01075884 99.10336571 99.28797853 101.8081097 102.4655897 105.7683162 109.3809996 112.6842283 115.5537879 118.0033366 120.0757134 121.7667108 123.0033858 124.2124468 124.9069262 125.7106443 127.2204612 137.2550216 137.8531954 138.7913123 138.7913123 138.7913123 138.7913123 138.7913123 138.7913123 138.7913123 138.7913123 138.7913123 138.7913123 138.7913123 138.7913123 145.1048620 152.5753776 154.3279691 158.1320288 173.0388865 177.3749367 189.8358464 218.5531853 219.5543820 247.5396571 268.3282135 276.6418163 280.9701163 304.8678847 311.5627054 322.5920357 333.8584195 337.9884514 365.1151328 392.7855955 396.6556362 413.0733899 419.7650381 421.1127674 434.8817595 442.5567962 480.7189504 497.3889916 504.6791967 534.2954883 547.1050910 567.4935802 576.2483741 582.8387484 617.8841921 631.2881634 644.3590014 703.5206559 712.0713577 746.9397142 823.8614783 841.8757597 874.9734904 908.1877970 947.0418269 1007.629784 1031.728746 1154.850416 1198.238741 1229.247503 1387.442209 1403.477395 1448.585749 1467.383797 1522.891679 1600.294338 1788.361797 1939.228231 2038.469048 2144.667299 2502.115933 2566.259430 2650.050232 2927.158891 3057.135194 3346.457303 3510.460913 3696.572756 3784.609322 3988.606928 4499.837847 5064.808693 5917.835082 6924.283808 7449.311824 8637.124075 9783.375698 11212.58676 12268.45314 14316.61153 15985.76619 29041.81681 32560.95705 54741.28885 66354.57098
