    unsorted:	 246.7401104 246.7401104 246.7401104 246.7401104 246.7401104 246.7401104 246.7401104 246.7401104 246.7401104 246.7401104 246.7401104 246.7401104 241.3420710 241.9703443 240.3708354 239.5267628 242.5077896 238.8043648 237.4325838 236.1833740 232.2914679 250.1683402 226.6943577 220.0816966 215.6949976 214.2888837 207.5364930 206.4852256 255.8807835 196.9866530 261.8530143 187.8666015 181.4974963 179.5979818 178.5565511 171.8152078 170.8635042 168.4033059 165.5875939 164.5393411 160.1424020 160.8676036 158.5986948 267.3425386 151.9743331 144.7082691 281.2144748 138.1273373 131.9831452 127.5065024 124.5268680 291.4682793 306.1424951 313.2390950 314.7139277 107.4320884 361.2575804 69.38825816 65.09441990 383.2035897 49.87760156 412.1021522 430.1625675 38.69569945 26.59445925 500.1081455 510.1515028 525.0291672 559.0916591 567.7975054 572.9547780 579.5331009 607.9582848 610.6070054 624.4649870 634.5097806 6.246323176 683.0175898 687.1079461 706.0457473 707.2540840 729.1214338 736.2652951 764.5732475 785.1494262 787.5610981 813.2472215 835.6373019 870.4472065 905.4448321 914.4718473 948.5691603 995.9873555 1019.006966 1078.783974 1109.023834 1178.995203 1319.904643 1380.936343 1395.986803 1464.920898 1563.034874 1558.810212 1551.659751 1596.012792 1739.365201 1919.183037 2033.603139 2076.659568 2137.326537 2516.013559 2598.071412 2704.864902 3095.848599 3202.519325 3316.012729 3563.171470 3754.941259 3810.889592 3997.507941 4575.604366 4791.425188 6288.353256 7166.426307 7536.000833 8720.056983 9892.652586 11370.47259 12258.66393 14317.16757 17368.07996 29144.57554 32342.35524 54899.98973 110662.6128
      sorted:	 6.246323176 26.59445925 38.69569945 49.87760156 65.09441990 69.38825816 107.4320884 124.5268680 127.5065024 131.9831452 138.1273373 144.7082691 151.9743331 158.5986948 160.1424020 160.8676036 164.5393411 165.5875939 168.4033059 170.8635042 171.8152078 178.5565511 179.5979818 181.4974963 187.8666015 196.9866530 206.4852256 207.5364930 214.2888837 215.6949976 220.0816966 226.6943577 232.2914679 236.1833740 237.4325838 238.8043648 239.5267628 240.3708354 241.3420710 241.9703443 242.5077896 246.7401104 246.7401104 246.7401104 246.7401104 246.7401104 246.7401104 246.7401104 246.7401104 246.7401104 246.7401104 246.7401104 246.7401104 250.1683402 255.8807835 261.8530143 267.3425386 281.2144748 291.4682793 306.1424951 313.2390950 314.7139277 361.2575804 383.2035897 412.1021522 430.1625675 500.1081455 510.1515028 525.0291672 559.0916591 567.7975054 572.9547780 579.5331009 607.9582848 610.6070054 624.4649870 634.5097806 683.0175898 687.1079461 706.0457473 707.2540840 729.1214338 736.2652951 764.5732475 785.1494262 787.5610981 813.2472215 835.6373019 870.4472065 905.4448321 914.4718473 948.5691603 995.9873555 1019.006966 1078.783974 1109.023834 1178.995203 1319.904643 1380.936343 1395.986803 1464.920898 1551.659751 1558.810212 1563.034874 1596.012792 1739.365201 1919.183037 2033.603139 2076.659568 2137.326537 2516.013559 2598.071412 2704.864902 3095.848599 3202.519325 3316.012729 3563.171470 3754.941259 3810.889592 3997.507941 4575.604366 4791.425188 6288.353256 7166.426307 7536.000833 8720.056983 9892.652586 11370.47259 12258.66393 14317.16757 17368.07996 29144.57554 32342.35524 54899.98973 110662.6128
