    unsorted:	 22610.13262 63793.87303 1434.499678 103562.1943 9768314.618
      sorted:	 1434.499678 22610.13262 63793.87303 103562.1943 9768314.618
