    unsorted:	 88.82644002 88.82644002 88.82644002 88.82644002 88.82644002 88.82644002 88.82644002 88.82644002 88.82644002 88.82644002 88.82644002 88.82644002 69.33630413 69.37981069 69.01547359 68.89436607 69.63731620 68.80503077 70.21348187 70.54806395 71.21219983 71.44555421 72.37399211 72.92966871 73.54663182 74.69114813 75.76538778 76.77466364 67.27910270 77.74904833 78.67769684 79.52825577 80.29995860 80.99035903 81.61467465 82.18879276 82.71917565 83.21117886 84.66677084 61.43560915 89.32407243 60.89485563 91.53442716 96.32955291 54.05502802 52.84709340 51.42461702 98.71274354 48.76175789 104.4413568 110.1377309 40.87980035 113.7530657 123.6507501 134.4082811 136.5496412 24.45376705 141.6388963 20.62666694 19.24864817 13.65091410 154.3079355 159.7673827 3.916652938 193.7339507 195.7587721 201.6633176 209.2415664 233.1715044 244.9799660 246.8018365 255.1766739 281.2280759 287.6811611 296.2441301 301.9791459 318.1601489 343.5515053 347.9009006 361.7639968 379.5264538 384.7198903 396.7708883 401.3969156 408.5379403 424.9622575 448.1198636 464.0256002 475.3788664 493.9496446 513.3578214 532.5360344 546.3307398 550.3802573 557.0649431 577.8539964 598.1616870 605.0972473 628.2663524 686.0972722 711.1190826 727.5321707 782.9039851 838.5529671 896.6383647 969.1492107 987.1508533 1050.038973 1071.036507 1095.303844 1085.021440 1177.611348 1282.578765 1314.270588 1368.246176 1535.979412 1628.067170 1646.950805 1706.038448 1949.295049 1963.189682 2046.530026 2217.796088 2318.732653 2600.718888 2718.459050 2906.700365 3071.528911 3212.552087 3303.672681 3435.247203 3445.378089 3508.798496 3547.110570 3804.531765 3923.963909 4082.647697 4271.876850 4627.473476 5745.797422 6028.344589 6935.659199 9249.713331 11514.96723 12903.43411 13071.19767 14747.58357 15101.25308 24058.73231 31719.23583 88724.32448
      sorted:	 3.916652938 13.65091410 19.24864817 20.62666694 24.45376705 40.87980035 48.76175789 51.42461702 52.84709340 54.05502802 60.89485563 61.43560915 67.27910270 68.80503077 68.89436607 69.01547359 69.33630413 69.37981069 69.63731620 70.21348187 70.54806395 71.21219983 71.44555421 72.37399211 72.92966871 73.54663182 74.69114813 75.76538778 76.77466364 77.74904833 78.67769684 79.52825577 80.29995860 80.99035903 81.61467465 82.18879276 82.71917565 83.21117886 84.66677084 88.82644002 88.82644002 88.82644002 88.82644002 88.82644002 88.82644002 88.82644002 88.82644002 88.82644002 88.82644002 88.82644002 88.82644002 89.32407243 91.53442716 96.32955291 98.71274354 104.4413568 110.1377309 113.7530657 123.6507501 134.4082811 136.5496412 141.6388963 154.3079355 159.7673827 193.7339507 195.7587721 201.6633176 209.2415664 233.1715044 244.9799660 246.8018365 255.1766739 281.2280759 287.6811611 296.2441301 301.9791459 318.1601489 343.5515053 347.9009006 361.7639968 379.5264538 384.7198903 396.7708883 401.3969156 408.5379403 424.9622575 448.1198636 464.0256002 475.3788664 493.9496446 513.3578214 532.5360344 546.3307398 550.3802573 557.0649431 577.8539964 598.1616870 605.0972473 628.2663524 686.0972722 711.1190826 727.5321707 782.9039851 838.5529671 896.6383647 969.1492107 987.1508533 1050.038973 1071.036507 1085.021440 1095.303844 1177.611348 1282.578765 1314.270588 1368.246176 1535.979412 1628.067170 1646.950805 1706.038448 1949.295049 1963.189682 2046.530026 2217.796088 2318.732653 2600.718888 2718.459050 2906.700365 3071.528911 3212.552087 3303.672681 3435.247203 3445.378089 3508.798496 3547.110570 3804.531765 3923.963909 4082.647697 4271.876850 4627.473476 5745.797422 6028.344589 6935.659199 9249.713331 11514.96723 12903.43411 13071.19767 14747.58357 15101.25308 24058.73231 31719.23583 88724.32448
