    unsorted:	 88.82644002 88.82644002 88.82644002 88.82644002 88.82644002 88.82644002 88.82644002 88.82644002 88.82644002 88.82644002 88.82644002 88.82644002 68.62823701 68.34118631 68.22092452 69.36838576 69.10712981 70.39780064 71.55267614 72.74927457 73.13006866 73.99193133 73.88219201 75.15396959 66.95595525 76.25013873 77.27252943 78.25257299 79.18412195 80.03862559 80.81837578 81.52182537 82.15382966 82.72779833 83.25414789 83.74565591 84.82492217 63.27531695 61.71535259 87.75543237 89.16272300 60.15303457 59.30427199 59.18363323 57.49253452 98.39384939 51.75664044 51.91206199 103.1540246 46.37417184 107.4888858 110.7355398 111.8444666 42.39353237 119.9441722 127.5407271 24.51920533 135.8388818 145.0276498 15.41953944 12.71696695 8.255014955 3.310404271 177.7272144 191.3133229 193.6857379 204.2762437 228.2798674 231.4252572 237.3434008 246.7406710 265.6310332 271.9672093 274.0462297 294.3475379 299.4779616 304.5583718 308.8282320 321.4336853 343.6486665 366.1910333 378.4058000 394.3425714 420.1556470 433.4824245 430.3970825 448.2363981 460.4564919 477.0741297 482.2253412 490.5544820 516.8866308 525.7625299 530.3843407 562.5965399 586.8599677 613.0798811 674.7313210 695.0655263 706.2337506 738.8354021 761.1547142 863.7988333 860.4167494 884.3269508 923.4535305 956.7800499 1003.736666 1048.791730 1043.941781 1150.513713 1203.338231 1249.243832 1317.930391 1385.431107 1495.558188 1513.495083 1631.016526 1712.395713 1884.945429 1921.511274 2000.369341 2074.792971 2165.159891 2531.086884 2564.284802 2642.798690 2877.452331 2908.388800 3073.282285 3234.897415 3466.184292 3584.018790 3834.130721 4201.349865 4385.701362 4486.584905 4985.064000 6136.608638 7159.139544 7520.712091 8969.420933 11713.04774 13955.77138 16199.58185 28417.26824 34117.97094 110122.3819
      sorted:	 3.310404271 8.255014955 12.71696695 15.41953944 24.51920533 42.39353237 46.37417184 51.75664044 51.91206199 57.49253452 59.18363323 59.30427199 60.15303457 61.71535259 63.27531695 66.95595525 68.22092452 68.34118631 68.62823701 69.10712981 69.36838576 70.39780064 71.55267614 72.74927457 73.13006866 73.88219201 73.99193133 75.15396959 76.25013873 77.27252943 78.25257299 79.18412195 80.03862559 80.81837578 81.52182537 82.15382966 82.72779833 83.25414789 83.74565591 84.82492217 87.75543237 88.82644002 88.82644002 88.82644002 88.82644002 88.82644002 88.82644002 88.82644002 88.82644002 88.82644002 88.82644002 88.82644002 88.82644002 89.16272300 98.39384939 103.1540246 107.4888858 110.7355398 111.8444666 119.9441722 127.5407271 135.8388818 145.0276498 177.7272144 191.3133229 193.6857379 204.2762437 228.2798674 231.4252572 237.3434008 246.7406710 265.6310332 271.9672093 274.0462297 294.3475379 299.4779616 304.5583718 308.8282320 321.4336853 343.6486665 366.1910333 378.4058000 394.3425714 420.1556470 430.3970825 433.4824245 448.2363981 460.4564919 477.0741297 482.2253412 490.5544820 516.8866308 525.7625299 530.3843407 562.5965399 586.8599677 613.0798811 674.7313210 695.0655263 706.2337506 738.8354021 761.1547142 860.4167494 863.7988333 884.3269508 923.4535305 956.7800499 1003.736666 1043.941781 1048.791730 1150.513713 1203.338231 1249.243832 1317.930391 1385.431107 1495.558188 1513.495083 1631.016526 1712.395713 1884.945429 1921.511274 2000.369341 2074.792971 2165.159891 2531.086884 2564.284802 2642.798690 2877.452331 2908.388800 3073.282285 3234.897415 3466.184292 3584.018790 3834.130721 4201.349865 4385.701362 4486.584905 4985.064000 6136.608638 7159.139544 7520.712091 8969.420933 11713.04774 13955.77138 16199.58185 28417.26824 34117.97094 110122.3819
