    unsorted:	 39.47841822 39.47841822 39.47841822 39.47841822 39.47841822 39.47841822 39.47841822 39.47841822 39.47841822 39.47841822 39.47841822 39.47841822 78.89076680 78.24202658 75.46358033 83.08485761 72.72948814 85.74724581 98.22136900 94.99444868 105.6755008 64.93122466 63.08514082 114.2987677 56.62886373 126.2514316 128.7637162 135.4491224 141.3886932 144.7901600 149.8956412 154.0918669 159.2936162 167.1896529 175.6868201 181.9962288 192.4937593 198.7565025 202.1312202 203.7218633 208.6292645 212.9575912 49.80838731 220.3974175 39.57395706 35.16107241 33.39719760 28.43624935 240.8857625 263.5519326 264.8344482 9.445386822 290.5517399 312.0799230 315.1509337 328.0562038 348.5378700 355.5298318 375.6807991 413.4998013 465.6297358 462.6487792 456.0320239 485.3778962 497.5491247 503.0144144 518.3488890 525.8561196 550.2670621 567.9820513 574.1941792 602.0772534 612.0965190 637.9905212 641.4725951 649.0544310 673.5654470 736.7139465 749.3093906 797.9890676 876.6357043 929.3614157 1050.211929 1141.327411 1226.615707 1309.060172 1356.862868 1481.526643 1585.835537 1617.777526 1639.464757 1712.368157 1775.188860 1900.827217 2012.604669 2117.142125 2404.863712 2875.441269 3396.162654 3643.420314 4010.125829 4636.032320 4898.392102 5303.359243 5596.958780 9221.624102 10923.74474 12655.73248 13201.64760 13329.49077 14482.21716 23184.56317 30817.69198 82304.10716
      sorted:	 9.445386822 28.43624935 33.39719760 35.16107241 39.47841822 39.47841822 39.47841822 39.47841822 39.47841822 39.47841822 39.47841822 39.47841822 39.47841822 39.47841822 39.47841822 39.47841822 39.57395706 49.80838731 56.62886373 63.08514082 64.93122466 72.72948814 75.46358033 78.24202658 78.89076680 83.08485761 85.74724581 94.99444868 98.22136900 105.6755008 114.2987677 126.2514316 128.7637162 135.4491224 141.3886932 144.7901600 149.8956412 154.0918669 159.2936162 167.1896529 175.6868201 181.9962288 192.4937593 198.7565025 202.1312202 203.7218633 208.6292645 212.9575912 220.3974175 240.8857625 263.5519326 264.8344482 290.5517399 312.0799230 315.1509337 328.0562038 348.5378700 355.5298318 375.6807991 413.4998013 456.0320239 462.6487792 465.6297358 485.3778962 497.5491247 503.0144144 518.3488890 525.8561196 550.2670621 567.9820513 574.1941792 602.0772534 612.0965190 637.9905212 641.4725951 649.0544310 673.5654470 736.7139465 749.3093906 797.9890676 876.6357043 929.3614157 1050.211929 1141.327411 1226.615707 1309.060172 1356.862868 1481.526643 1585.835537 1617.777526 1639.464757 1712.368157 1775.188860 1900.827217 2012.604669 2117.142125 2404.863712 2875.441269 3396.162654 3643.420314 4010.125829 4636.032320 4898.392102 5303.359243 5596.958780 9221.624102 10923.74474 12655.73248 13201.64760 13329.49077 14482.21716 23184.56317 30817.69198 82304.10716
