    unsorted:	 30.91555800 73.24884726 61.77594048 84.86930409 39.09018955 10.94882253 2.825078952 0.9396402145 147.7578667 176.8936842 166.6360598 193.0796926 288.2678480 379.1322159 520.4294217 544.3794064 715.8314952 797.0591517 966.5327310 1199.400013 2206.388645 2276.743804 3303.632568 3460.323523 3700.999840 4578.138684 5962.673822 7020.660110 7706.039849 12132.23433 18010.40388 31899.86297 61310.11061 126653.0022
      sorted:	 0.9396402145 2.825078952 10.94882253 30.91555800 39.09018955 61.77594048 73.24884726 84.86930409 147.7578667 166.6360598 176.8936842 193.0796926 288.2678480 379.1322159 520.4294217 544.3794064 715.8314952 797.0591517 966.5327310 1199.400013 2206.388645 2276.743804 3303.632568 3460.323523 3700.999840 4578.138684 5962.673822 7020.660110 7706.039849 12132.23433 18010.40388 31899.86297 61310.11061 126653.0022
