    unsorted:	 88.82644002 88.82644002 88.82644002 88.82644002 88.82644002 88.82644002 88.82644002 88.82644002 88.82644002 88.82644002 88.82644002 88.82644002 73.17285771 73.10664907 72.91011916 72.79123220 73.59556488 74.01768806 74.56287017 71.93204293 75.38988498 76.27814604 77.14705789 77.97130231 78.76069340 79.52933285 80.27403824 80.97261073 81.62197071 82.21530303 82.75468353 83.24908945 83.70681830 71.21815729 84.13737156 70.36217869 85.15254742 68.42331265 89.39120303 64.93262918 91.51503071 91.96637155 63.07738031 95.67815745 60.64552052 59.38292428 58.06717917 58.42893085 103.4419449 52.69185884 109.6137353 110.9644267 120.4107844 122.0328989 125.6562243 38.16944995 134.2776368 143.4834895 21.90310670 15.68512905 14.02825233 173.3658817 5.744478737 191.0629848 194.4844206 200.5966319 220.8395882 219.8863983 228.6054372 238.4243522 257.3571920 262.2995025 274.9362457 285.3269531 293.1328913 294.5183776 302.0582582 338.1924593 348.7816140 358.3941493 379.4139343 401.5083286 404.0304055 414.3811897 450.4117681 457.1125438 460.3110483 468.1620972 476.9871674 487.2204966 523.3094058 545.3190112 576.0065023 586.7496574 628.4514551 651.9971547 689.6509780 713.0729258 728.6104290 768.0341533 780.5403579 860.5171771 909.5494914 951.8874554 1018.315827 1048.496378 1075.006767 1103.793774 1176.691492 1230.478908 1273.823200 1347.549160 1376.597312 1389.007649 1659.617561 1672.439780 1771.354102 1839.398330 1943.259738 2017.863463 2118.959632 2186.992535 2584.921222 2638.051488 2745.300175 2999.332061 3129.879374 3180.744380 3455.311709 3723.276653 3889.597855 4069.591943 4299.142622 4484.491341 4629.579016 5222.415139 6773.745378 8981.801917 11030.66959 12716.33971 13945.46662 15220.48131 23619.97905 29794.51234 143069.8624
      sorted:	 5.744478737 14.02825233 15.68512905 21.90310670 38.16944995 52.69185884 58.06717917 58.42893085 59.38292428 60.64552052 63.07738031 64.93262918 68.42331265 70.36217869 71.21815729 71.93204293 72.79123220 72.91011916 73.10664907 73.17285771 73.59556488 74.01768806 74.56287017 75.38988498 76.27814604 77.14705789 77.97130231 78.76069340 79.52933285 80.27403824 80.97261073 81.62197071 82.21530303 82.75468353 83.24908945 83.70681830 84.13737156 85.15254742 88.82644002 88.82644002 88.82644002 88.82644002 88.82644002 88.82644002 88.82644002 88.82644002 88.82644002 88.82644002 88.82644002 88.82644002 89.39120303 91.51503071 91.96637155 95.67815745 103.4419449 109.6137353 110.9644267 120.4107844 122.0328989 125.6562243 134.2776368 143.4834895 173.3658817 191.0629848 194.4844206 200.5966319 219.8863983 220.8395882 228.6054372 238.4243522 257.3571920 262.2995025 274.9362457 285.3269531 293.1328913 294.5183776 302.0582582 338.1924593 348.7816140 358.3941493 379.4139343 401.5083286 404.0304055 414.3811897 450.4117681 457.1125438 460.3110483 468.1620972 476.9871674 487.2204966 523.3094058 545.3190112 576.0065023 586.7496574 628.4514551 651.9971547 689.6509780 713.0729258 728.6104290 768.0341533 780.5403579 860.5171771 909.5494914 951.8874554 1018.315827 1048.496378 1075.006767 1103.793774 1176.691492 1230.478908 1273.823200 1347.549160 1376.597312 1389.007649 1659.617561 1672.439780 1771.354102 1839.398330 1943.259738 2017.863463 2118.959632 2186.992535 2584.921222 2638.051488 2745.300175 2999.332061 3129.879374 3180.744380 3455.311709 3723.276653 3889.597855 4069.591943 4299.142622 4484.491341 4629.579016 5222.415139 6773.745378 8981.801917 11030.66959 12716.33971 13945.46662 15220.48131 23619.97905 29794.51234 143069.8624
