    unsorted:	 88.82644002 88.82644002 88.82644002 88.82644002 88.82644002 88.82644002 88.82644002 88.82644002 88.82644002 88.82644002 88.82644002 88.82644002 80.07179000 80.90709576 81.20836195 81.80545829 79.03002287 82.54154517 83.23881357 77.85078324 83.88615613 76.86507249 75.90944134 84.48531900 74.36854667 85.21234888 72.56239290 72.49795970 70.44113567 69.84154515 68.12020027 66.78449569 65.69507573 65.19581354 63.34561007 62.16153798 61.01314637 58.67571909 55.31753238 55.36596717 54.99359297 54.91118388 56.62839060 57.26638741 53.06975857 91.36460622 90.65751116 49.48033850 47.73379640 97.67441601 98.55271152 101.7010213 104.5639113 41.84106691 115.7622116 118.2465615 33.26798655 28.73543537 129.2652717 137.4372143 145.7447908 10.00908348 167.4431409 179.6997638 187.7446134 191.5786850 213.0335849 213.9173303 221.1110557 243.7180739 241.4121854 262.3309648 268.2109353 282.9703789 289.8891704 295.3134301 313.2914722 337.3080839 350.4775801 364.0954191 369.8419333 387.4103683 402.6563027 419.4998711 442.7408147 451.6408597 472.7089796 479.3890737 483.7046220 500.8189173 525.0959217 529.2730930 577.5758975 588.3114654 594.9787709 648.3445043 669.4716018 693.8110467 710.6733950 720.2192818 741.0407826 763.2725289 798.2470246 879.8907806 916.9745704 973.1762818 1034.334090 1089.412542 1114.285049 1136.705025 1219.966916 1299.143581 1377.932478 1422.873858 1432.556833 1440.501667 1564.699788 1657.635794 1739.199413 1896.299788 2007.979150 2058.650524 2075.458302 2104.809710 2251.478422 2637.190060 2694.508303 2856.874051 3164.440047 3211.722100 3516.758678 3585.344259 3935.360853 4100.250339 4149.874669 4343.606664 4433.941715 4746.856844 5155.701830 5438.403771 8431.407130 9501.689670 11354.06112 11690.74236 13174.29506 14799.27540 15752.18006 23255.03148 29918.96622 72608.89742
      sorted:	 10.00908348 28.73543537 33.26798655 41.84106691 47.73379640 49.48033850 53.06975857 54.91118388 54.99359297 55.31753238 55.36596717 56.62839060 57.26638741 58.67571909 61.01314637 62.16153798 63.34561007 65.19581354 65.69507573 66.78449569 68.12020027 69.84154515 70.44113567 72.49795970 72.56239290 74.36854667 75.90944134 76.86507249 77.85078324 79.03002287 80.07179000 80.90709576 81.20836195 81.80545829 82.54154517 83.23881357 83.88615613 84.48531900 85.21234888 88.82644002 88.82644002 88.82644002 88.82644002 88.82644002 88.82644002 88.82644002 88.82644002 88.82644002 88.82644002 88.82644002 88.82644002 90.65751116 91.36460622 97.67441601 98.55271152 101.7010213 104.5639113 115.7622116 118.2465615 129.2652717 137.4372143 145.7447908 167.4431409 179.6997638 187.7446134 191.5786850 213.0335849 213.9173303 221.1110557 241.4121854 243.7180739 262.3309648 268.2109353 282.9703789 289.8891704 295.3134301 313.2914722 337.3080839 350.4775801 364.0954191 369.8419333 387.4103683 402.6563027 419.4998711 442.7408147 451.6408597 472.7089796 479.3890737 483.7046220 500.8189173 525.0959217 529.2730930 577.5758975 588.3114654 594.9787709 648.3445043 669.4716018 693.8110467 710.6733950 720.2192818 741.0407826 763.2725289 798.2470246 879.8907806 916.9745704 973.1762818 1034.334090 1089.412542 1114.285049 1136.705025 1219.966916 1299.143581 1377.932478 1422.873858 1432.556833 1440.501667 1564.699788 1657.635794 1739.199413 1896.299788 2007.979150 2058.650524 2075.458302 2104.809710 2251.478422 2637.190060 2694.508303 2856.874051 3164.440047 3211.722100 3516.758678 3585.344259 3935.360853 4100.250339 4149.874669 4343.606664 4433.941715 4746.856844 5155.701830 5438.403771 8431.407130 9501.689670 11354.06112 11690.74236 13174.29506 14799.27540 15752.18006 23255.03148 29918.96622 72608.89742
