    unsorted:	 88.82644002 88.82644002 88.82644002 88.82644002 88.82644002 88.82644002 88.82644002 88.82644002 88.82644002 88.82644002 88.82644002 88.82644002 81.51468082 81.20249838 80.99560429 80.49580647 79.97991458 79.61368919 81.90864961 78.75208846 82.36877914 77.79151032 77.29978431 76.64344676 76.02932234 83.16283555 74.95770519 73.59492784 72.43471219 71.50266046 70.04821676 70.19403331 68.98987691 68.12005025 67.16038413 66.51459983 66.09487229 60.45073897 59.55869320 95.05527950 96.43242768 56.69803734 55.54851465 52.01723766 49.56379050 108.7749598 111.4015373 44.46406811 115.4043286 130.4786129 137.0203031 164.2416772 167.5887752 5.625712874 3.889888566 0.6828122479 188.9284291 192.7167361 204.7270804 223.5999719 235.6818163 237.9080249 251.0471167 262.5408899 280.2637512 284.9786950 294.2326903 300.4759373 309.7748592 315.0174244 320.3330431 382.2082487 379.2441497 394.3345338 432.9712993 433.5865865 458.8930783 465.7513405 500.8498736 543.8649008 594.0663777 604.1350454 668.7967543 686.1867441 712.1966549 770.4970298 804.1369361 877.0491605 887.0393899 934.2253440 965.2891324 1024.108228 1138.647967 1208.342762 1282.741075 1441.102735 1434.747550 1485.427716 1634.853288 1681.919215 1744.088446 1813.876433 1856.979182 1990.259287 2056.499778 2176.739813 2228.624606 2322.342010 2432.408205 2564.629649 2731.026327 2752.503681 2897.170623 3038.275535 3260.755560 3544.845362 3615.093232 3646.378160 3786.384145 4014.034273 4908.776054 5498.169547 6238.018488 6561.572227 7170.513816 8009.190529 11672.77397 12857.65770 13143.26261 14253.60875 15121.17225 28543.69934 33367.70149 54734.62223 280535.1180
      sorted:	 0.6828122479 3.889888566 5.625712874 44.46406811 49.56379050 52.01723766 55.54851465 56.69803734 59.55869320 60.45073897 66.09487229 66.51459983 67.16038413 68.12005025 68.98987691 70.04821676 70.19403331 71.50266046 72.43471219 73.59492784 74.95770519 76.02932234 76.64344676 77.29978431 77.79151032 78.75208846 79.61368919 79.97991458 80.49580647 80.99560429 81.20249838 81.51468082 81.90864961 82.36877914 83.16283555 88.82644002 88.82644002 88.82644002 88.82644002 88.82644002 88.82644002 88.82644002 88.82644002 88.82644002 88.82644002 88.82644002 88.82644002 95.05527950 96.43242768 108.7749598 111.4015373 115.4043286 130.4786129 137.0203031 164.2416772 167.5887752 188.9284291 192.7167361 204.7270804 223.5999719 235.6818163 237.9080249 251.0471167 262.5408899 280.2637512 284.9786950 294.2326903 300.4759373 309.7748592 315.0174244 320.3330431 379.2441497 382.2082487 394.3345338 432.9712993 433.5865865 458.8930783 465.7513405 500.8498736 543.8649008 594.0663777 604.1350454 668.7967543 686.1867441 712.1966549 770.4970298 804.1369361 877.0491605 887.0393899 934.2253440 965.2891324 1024.108228 1138.647967 1208.342762 1282.741075 1434.747550 1441.102735 1485.427716 1634.853288 1681.919215 1744.088446 1813.876433 1856.979182 1990.259287 2056.499778 2176.739813 2228.624606 2322.342010 2432.408205 2564.629649 2731.026327 2752.503681 2897.170623 3038.275535 3260.755560 3544.845362 3615.093232 3646.378160 3786.384145 4014.034273 4908.776054 5498.169547 6238.018488 6561.572227 7170.513816 8009.190529 11672.77397 12857.65770 13143.26261 14253.60875 15121.17225 28543.69934 33367.70149 54734.62223 280535.1180
