    unsorted:	 88.82644002 88.82644002 88.82644002 88.82644002 88.82644002 88.82644002 88.82644002 88.82644002 88.82644002 88.82644002 88.82644002 88.82644002 75.36449018 75.55677844 74.09733274 76.37820067 77.30818220 72.68289246 78.45781828 71.97257857 71.03488921 69.18297801 67.70165534 67.39403021 66.55887517 65.96464151 65.29772797 64.38983339 63.75430172 63.33979979 62.61805710 62.16919305 79.57982809 61.46545841 80.59017772 81.48391973 82.28222817 83.00292924 83.65829292 84.31252765 85.92225163 57.13833046 56.90141097 89.60480259 92.15730523 94.50695284 98.56991144 49.80650371 100.8853225 107.0547385 43.72783376 111.7709566 112.4958905 116.9634294 40.51914080 30.14891307 131.7590402 21.83675380 142.4060200 12.26922980 10.66918243 10.06279268 158.3396363 0.06085143915 173.0503275 177.7021025 185.9450581 184.7002485 193.6324452 213.0854708 219.6822084 241.6034662 246.7095851 262.4548999 265.5546055 282.3139169 295.8615325 315.9975242 327.0062833 336.3279286 351.4196696 354.7686000 365.1438961 395.2082888 422.8601228 441.0546580 473.2238630 468.8682225 498.4780520 504.4790385 521.6900672 568.5153706 590.7370423 607.3535638 616.0089061 656.9698421 669.9519455 714.1014970 749.7208335 772.0905172 783.1819929 869.9060375 905.2007416 928.0086578 969.4264235 972.9279246 1014.420005 1090.734243 1109.001859 1144.565583 1167.498787 1325.540842 1384.444292 1465.723566 1485.497929 1710.221283 1807.809295 1855.143562 1939.429398 2032.059129 2095.651460 2175.579182 2311.649717 2738.760700 2804.785835 3041.250652 3174.011064 3359.723204 3598.069056 3686.426802 3999.435185 4105.173469 4348.765089 4662.427917 4924.029997 5098.118958 6281.619748 7940.350173 8389.079872 8828.268461 10273.31437 13217.58418 24753.55119 89574.91290
      sorted:	 0.06085143915 10.06279268 10.66918243 12.26922980 21.83675380 30.14891307 40.51914080 43.72783376 49.80650371 56.90141097 57.13833046 61.46545841 62.16919305 62.61805710 63.33979979 63.75430172 64.38983339 65.29772797 65.96464151 66.55887517 67.39403021 67.70165534 69.18297801 71.03488921 71.97257857 72.68289246 74.09733274 75.36449018 75.55677844 76.37820067 77.30818220 78.45781828 79.57982809 80.59017772 81.48391973 82.28222817 83.00292924 83.65829292 84.31252765 85.92225163 88.82644002 88.82644002 88.82644002 88.82644002 88.82644002 88.82644002 88.82644002 88.82644002 88.82644002 88.82644002 88.82644002 88.82644002 89.60480259 92.15730523 94.50695284 98.56991144 100.8853225 107.0547385 111.7709566 112.4958905 116.9634294 131.7590402 142.4060200 158.3396363 173.0503275 177.7021025 184.7002485 185.9450581 193.6324452 213.0854708 219.6822084 241.6034662 246.7095851 262.4548999 265.5546055 282.3139169 295.8615325 315.9975242 327.0062833 336.3279286 351.4196696 354.7686000 365.1438961 395.2082888 422.8601228 441.0546580 468.8682225 473.2238630 498.4780520 504.4790385 521.6900672 568.5153706 590.7370423 607.3535638 616.0089061 656.9698421 669.9519455 714.1014970 749.7208335 772.0905172 783.1819929 869.9060375 905.2007416 928.0086578 969.4264235 972.9279246 1014.420005 1090.734243 1109.001859 1144.565583 1167.498787 1325.540842 1384.444292 1465.723566 1485.497929 1710.221283 1807.809295 1855.143562 1939.429398 2032.059129 2095.651460 2175.579182 2311.649717 2738.760700 2804.785835 3041.250652 3174.011064 3359.723204 3598.069056 3686.426802 3999.435185 4105.173469 4348.765089 4662.427917 4924.029997 5098.118958 6281.619748 7940.350173 8389.079872 8828.268461 10273.31437 13217.58418 24753.55119 89574.91290
