    unsorted:	 246.7401104 246.7401104 246.7401104 246.7401104 246.7401104 246.7401104 246.7401104 246.7401104 246.7401104 246.7401104 246.7401104 246.7401104 215.6174333 215.6683428 217.0005348 212.9161265 219.3192845 209.3562217 205.3568884 205.8878256 221.7368545 223.9750036 201.3154448 226.0681691 228.0621334 197.4095886 193.1496624 191.3501807 187.5072059 184.4924848 182.5208978 180.6883042 179.5529550 178.7310218 175.7973833 173.3093624 173.8531678 172.5846013 171.8442964 168.8236417 167.6106822 165.9967735 163.6133167 162.1481849 231.5848340 240.7665542 242.9288223 255.2257344 265.0791327 269.7473833 141.1691276 276.7605975 302.6191601 309.6755238 317.5457921 101.7613333 335.5858517 70.82659900 63.93289714 376.5081763 48.92563281 404.4081869 418.0778712 37.22942633 26.46431201 501.3170691 504.9943876 515.5236592 5.820176282 565.7542437 561.8789416 575.5051536 578.4308408 606.0910001 614.5510239 622.0286786 635.5021283 680.0360133 692.1996958 708.2603346 703.1727309 724.1698233 738.4633181 754.9598361 783.9056547 788.8420440 812.1261862 838.7538900 870.0893523 909.2326885 918.5318910 956.7067987 993.1783546 1008.366780 1077.985944 1110.503090 1175.553806 1313.118345 1388.077126 1393.193914 1477.712374 1535.991215 1552.389387 1574.535486 1589.142952 1731.487709 1887.093024 2011.001440 2059.919731 2133.866908 2487.283363 2599.683884 2675.415709 3029.476121 3139.573022 3260.890520 3572.396738 3766.821145 3821.586939 4019.474402 4557.993805 4868.232585 5999.246182 6929.406573 7502.424709 8697.805025 9825.374295 11307.23878 12258.81781 14263.09860 16520.56653 29139.99761 32593.53740 54573.86466 89402.43271
      sorted:	 5.820176282 26.46431201 37.22942633 48.92563281 63.93289714 70.82659900 101.7613333 141.1691276 162.1481849 163.6133167 165.9967735 167.6106822 168.8236417 171.8442964 172.5846013 173.3093624 173.8531678 175.7973833 178.7310218 179.5529550 180.6883042 182.5208978 184.4924848 187.5072059 191.3501807 193.1496624 197.4095886 201.3154448 205.3568884 205.8878256 209.3562217 212.9161265 215.6174333 215.6683428 217.0005348 219.3192845 221.7368545 223.9750036 226.0681691 228.0621334 231.5848340 240.7665542 242.9288223 246.7401104 246.7401104 246.7401104 246.7401104 246.7401104 246.7401104 246.7401104 246.7401104 246.7401104 246.7401104 246.7401104 246.7401104 255.2257344 265.0791327 269.7473833 276.7605975 302.6191601 309.6755238 317.5457921 335.5858517 376.5081763 404.4081869 418.0778712 501.3170691 504.9943876 515.5236592 561.8789416 565.7542437 575.5051536 578.4308408 606.0910001 614.5510239 622.0286786 635.5021283 680.0360133 692.1996958 703.1727309 708.2603346 724.1698233 738.4633181 754.9598361 783.9056547 788.8420440 812.1261862 838.7538900 870.0893523 909.2326885 918.5318910 956.7067987 993.1783546 1008.366780 1077.985944 1110.503090 1175.553806 1313.118345 1388.077126 1393.193914 1477.712374 1535.991215 1552.389387 1574.535486 1589.142952 1731.487709 1887.093024 2011.001440 2059.919731 2133.866908 2487.283363 2599.683884 2675.415709 3029.476121 3139.573022 3260.890520 3572.396738 3766.821145 3821.586939 4019.474402 4557.993805 4868.232585 5999.246182 6929.406573 7502.424709 8697.805025 9825.374295 11307.23878 12258.81781 14263.09860 16520.56653 29139.99761 32593.53740 54573.86466 89402.43271
