    unsorted:	 88.82644002 88.82644002 88.82644002 88.82644002 88.82644002 88.82644002 88.82644002 88.82644002 88.82644002 88.82644002 88.82644002 88.82644002 69.01019060 71.35914736 72.05987241 72.19692195 69.67993439 73.31418773 74.41690668 74.52701741 68.17970191 75.89025128 67.32176656 77.21947319 65.92471884 78.40757779 64.82629106 79.47383127 63.94655808 80.44343756 81.33659691 82.36614311 61.46119890 59.94414781 59.30747302 57.79699783 57.27488432 55.42371947 54.15639959 54.48504675 53.19908107 86.85112131 91.84469475 96.06701222 97.06085541 44.71685900 108.3097467 110.2550763 117.8168001 120.0334886 127.5038957 29.18946844 26.54373960 137.6553641 148.2463611 151.0239964 17.32483991 158.7027061 10.62526777 13.89405515 9.635761013 182.7863032 188.9496235 199.5213195 196.8959705 203.0341798 216.6566707 232.5738277 258.9987123 272.5382120 281.6299027 289.9748820 297.3611443 299.8223877 305.0782620 338.3096099 350.8691056 362.9995727 371.5822884 375.6465756 382.2016172 420.3588373 438.8118193 451.9836799 461.4926366 465.5423794 497.3940480 502.8626664 569.5339465 581.7782378 629.6954223 669.4152947 714.0289728 726.4689075 754.9748867 778.0983867 805.2431392 849.4036284 901.6895619 946.2853512 997.1229965 1022.321391 1067.360315 1090.869247 1128.715212 1172.326788 1212.878085 1298.879451 1362.876653 1402.594847 1441.812209 1467.403443 1541.754255 1697.254212 1758.176288 1800.053531 2180.997735 2411.408319 2505.899966 2693.967763 2819.320308 2845.617726 3068.430494 3157.663117 3223.397944 3373.821136 3718.218767 3905.754838 4178.014059 4315.743973 4906.440022 5275.868638 5965.675441 6517.002725 6759.860558 7358.975835 7923.610967 9471.892935 15273.17711 28928.73474 56809.31955 128787.5154
      sorted:	 9.635761013 10.62526777 13.89405515 17.32483991 26.54373960 29.18946844 44.71685900 53.19908107 54.15639959 54.48504675 55.42371947 57.27488432 57.79699783 59.30747302 59.94414781 61.46119890 63.94655808 64.82629106 65.92471884 67.32176656 68.17970191 69.01019060 69.67993439 71.35914736 72.05987241 72.19692195 73.31418773 74.41690668 74.52701741 75.89025128 77.21947319 78.40757779 79.47383127 80.44343756 81.33659691 82.36614311 86.85112131 88.82644002 88.82644002 88.82644002 88.82644002 88.82644002 88.82644002 88.82644002 88.82644002 88.82644002 88.82644002 88.82644002 88.82644002 91.84469475 96.06701222 97.06085541 108.3097467 110.2550763 117.8168001 120.0334886 127.5038957 137.6553641 148.2463611 151.0239964 158.7027061 182.7863032 188.9496235 196.8959705 199.5213195 203.0341798 216.6566707 232.5738277 258.9987123 272.5382120 281.6299027 289.9748820 297.3611443 299.8223877 305.0782620 338.3096099 350.8691056 362.9995727 371.5822884 375.6465756 382.2016172 420.3588373 438.8118193 451.9836799 461.4926366 465.5423794 497.3940480 502.8626664 569.5339465 581.7782378 629.6954223 669.4152947 714.0289728 726.4689075 754.9748867 778.0983867 805.2431392 849.4036284 901.6895619 946.2853512 997.1229965 1022.321391 1067.360315 1090.869247 1128.715212 1172.326788 1212.878085 1298.879451 1362.876653 1402.594847 1441.812209 1467.403443 1541.754255 1697.254212 1758.176288 1800.053531 2180.997735 2411.408319 2505.899966 2693.967763 2819.320308 2845.617726 3068.430494 3157.663117 3223.397944 3373.821136 3718.218767 3905.754838 4178.014059 4315.743973 4906.440022 5275.868638 5965.675441 6517.002725 6759.860558 7358.975835 7923.610967 9471.892935 15273.17711 28928.73474 56809.31955 128787.5154
